Operator ID,Decision Source,HoC Scores,Pose Scores,IoU Values
1,HoC + Pose to start IoU,[0.05405633896589279],[0.023183748126029968],[0.0]
1,IoU,[0.06157954782247543],[0.02444140613079071],[1.0]
1,IoU,[0.059167277067899704],[0.0304575115442276],[0.9802522659301758]
1,IoU,[0.06834910064935684],[499.6093444824219],[0.9622361063957214]
1,IoU,[0.08672276139259338],[0.03795744478702545],[0.9680847525596619]
1,IoU,[0.10174556821584702],[489.7254333496094],[0.9386281371116638]
1,IoU,[0.11395163089036942],[489.3197021484375],[0.9452207684516907]
1,IoU,[0.09454851597547531],[487.98089599609375],[0.9484851360321045]
1,IoU,[0.06812139600515366],[0.03984019160270691],[0.9880525469779968]
1,IoU,[0.06408903002738953],[489.1117248535156],[0.9734182953834534]
1,IoU,[0.06388095021247864],[487.8421936035156],[0.942455530166626]
1,IoU,[0.0691942647099495],[490.5189514160156],"[0.9513083100318909, 0.0, 0.0]"
1,IoU,[0.07735060155391693],[0.04153949022293091],"[0.9008663296699524, 0.0, 0.0]"
1,IoU,"[0.07551868259906769, 1.0670182704925537, 1.308064579963684]","[491.8764953613281, -1.0, -1.0]","[0.9447125196456909, 0.0]"
1,IoU,[0.08512097597122192],[496.0782165527344],"[0.9854133725166321, 0.0, 0.0]"
1,IoU,"[0.08930379897356033, 0.4915873110294342, 0.7193259000778198]","[500.25128173828125, -1.0, -1.0]","[0.9869968891143799, 0.0]"
2,IoU,"[0.08484388887882233, 0.515788197517395]","[499.5904235839844, -1.0]","[0.0, 0.9707317352294922]"
2,HoC + Pose,"[0.5174571871757507, 0.07745600491762161]","[-1.0, 0.04097139835357666]","[0.9644178748130798, 0.0]"
1,HoC + Pose to start IoU,"[0.0722711831331253, 0.5896806120872498]","[0.04178701341152191, -1.0]","[0.0, 0.0]"
1,IoU,"[0.6782044172286987, 0.058038074523210526]","[-1.0, 500.5440368652344]","[1.0, 0.0]"
2,IoU,"[0.7119384407997131, 0.05265595391392708]","[-1.0, 501.59954833984375]","[0.0, 0.8110303282737732]"
-1,None,"[0.05009784549474716, 0.7766982316970825]","[504.1258544921875, -1.0]","[0.0, 0.7640478610992432]"
1,HoC + Pose to start IoU,"[0.1067189946770668, 0.7072386741638184]","[0.03810104727745056, -1.0]","[0.0, 0.0]"
1,IoU,"[0.6903121471405029, 0.1232561394572258]","[-1.0, 492.2889709472656]","[1.0, 0.027595268562436104]"
2,IoU,"[0.5761705040931702, 0.13306577503681183]","[-1.0, 487.35400390625]","[0.018238253891468048, 0.9662289023399353]"
2,IoU,"[0.13948021829128265, 0.474744588136673]","[484.5182189941406, -1.0]","[0.03245316445827484, 0.9158732891082764]"
2,IoU,"[0.1325807422399521, 0.4413936734199524]","[486.75396728515625, -1.0]","[0.04174525663256645, 0.9659090042114258]"
1,IoU,"[0.13207769393920898, 0.42508238554000854]","[489.194091796875, -1.0]","[0.9774544835090637, 0.0687117651104927]"
2,IoU,"[0.44154495000839233, 0.1503051370382309]","[-1.0, 0.04242415726184845]","[0.09405189007520676, 0.9668493270874023]"
1,HoC + Pose,"[0.13136982917785645, 0.4109536409378052]","[0.04389828443527222, -1.0]","[0.09968314319849014, 0.9281178116798401, 0.10765191167593002]"
1,HoC + Pose to start IoU,"[0.10810787975788116, 0.4322541058063507, 1.3270090818405151]","[0.04558205604553223, -1.0, -1.0]","[0.0, 0.0]"
1,IoU,"[0.09819338470697403, 0.49788254499435425]","[0.04147469997406006, -1.0]","[1.0, 0.044515036046504974, 0.0, 0.0]"
1,IoU,"[0.08229771256446838, 0.5839208960533142, 1.3200371265411377, 1.309993863105774]","[0.04516527056694031, -1.0, -1.0, -1.0]","[0.966364324092865, 0.03452449291944504, 0.0, 0.0]"
1,IoU,"[0.08432663232088089, 0.6533153057098389, 1.4195636510849, 1.474726676940918]","[0.04558074474334717, -1.0, -1.0, -1.0]","[0.9261898994445801, 0.009834581054747105, 0.0, 0.0]"
1,HoC + Pose,"[0.089498370885849, 0.6860485672950745, 1.4084560871124268, 1.4908753633499146]","[0.04989491403102875, -1.0, -1.0, -1.0]","[0.0, 0.9194098114967346]"
2,HoC + Pose to start IoU,"[0.682270884513855, 0.10479092597961426]","[-1.0, 0.05321715772151947]","[0.0, 0.0]"
2,IoU,"[0.6842210292816162, 0.0980929285287857]","[-1.0, 464.3988037109375]","[0.007328248117119074, 1.0]"
2,IoU,"[0.6428489685058594, 0.10335400700569153]","[-1.0, 460.0537414550781]","[0.0036710628774017096, 0.9018657207489014]"
2,IoU,"[0.631071150302887, 0.11374066770076752]","[-1.0, 458.2569885253906]","[0.0, 0.8461105227470398]"
2,IoU,"[0.5799495577812195, 0.11907132714986801]","[-1.0, 450.5291442871094]","[0.0, 0.846838653087616]"
2,IoU,"[0.554671585559845, 0.11061792820692062]","[-1.0, 463.7852478027344]","[0.009939467534422874, 0.8685797452926636]"
2,IoU,"[0.5376231074333191, 0.11326038092374802]","[-1.0, 462.0789489746094]","[0.028766335919499397, 0.8186050653457642]"
2,IoU,"[0.4892975687980652, 0.1313711404800415]","[0.1416710615158081, 462.644287109375]","[0.0532601922750473, 0.8999999761581421]"
2,IoU,"[0.4470790922641754, 0.11843635141849518]","[0.10894370079040527, 466.38177490234375]","[0.06727508455514908, 0.9581519365310669]"
2,IoU,"[0.44488173723220825, 0.10399126261472702]","[0.08340999484062195, 469.9959716796875]","[0.0716947689652443, 0.9329615831375122]"
2,IoU,"[0.4450819492340088, 0.09134133905172348]","[0.08170327544212341, 477.7759704589844]","[0.0924486294388771, 0.8952248096466064]"
2,IoU,"[0.4299146234989166, 0.08760669827461243]","[0.06990355253219604, 471.5233459472656]","[0.09353312104940414, 0.968769371509552]"
2,IoU,"[0.4225951135158539, 0.10625236481428146]","[624.7156982421875, 471.6214599609375]","[0.10066438466310501, 0.9549256563186646]"
2,IoU,"[0.4390469193458557, 0.10922786593437195]","[0.05002403259277344, 473.9979553222656]","[0.10109151899814606, 0.9573765993118286]"
2,IoU,"[0.4509229063987732, 0.10633409023284912]","[615.769775390625, 482.69525146484375]","[0.11262883991003036, 0.9155844449996948]"
2,IoU,"[0.44484370946884155, 0.09259352833032608]","[614.2056274414062, 490.7511901855469]","[0.10544153302907944, 0.8771133422851562]"
2,IoU,"[0.4447439908981323, 0.07478435337543488]","[620.5444946289062, 484.4544982910156]","[0.0941913053393364, 0.8772016167640686]"
2,IoU,"[0.46499568223953247, 0.05145036056637764]","[613.0972290039062, 480.8492736816406]","[0.08630144596099854, 0.8758260607719421, 0.0]"
2,IoU,"[0.44662410020828247, 0.044865064322948456, 1.227347731590271]","[0.040994465351104736, 480.5912170410156, 608.4939575195312]","[0.04934930056333542, 0.896447479724884]"
2,IoU,"[0.4556143581867218, 0.05826079100370407]","[607.7073974609375, 480.33331298828125]","[0.0403779074549675, 0.9152098894119263, 0.0]"
2,IoU,"[0.4588077664375305, 0.08070657402276993]","[601.6145629882812, 479.70147705078125]","[0.04856027290225029, 0.9109370708465576]"
2,IoU,"[0.45099160075187683, 0.10302780568599701]","[585.6370239257812, 484.8402099609375]","[0.06654099375009537, 0.960337221622467]"
1,IoU,"[0.44126081466674805, 0.12922656536102295]","[595.4664916992188, 486.2079772949219]","[0.9590389132499695, 0.045381005853414536, 0.0]"
1,IoU,"[0.15311747789382935, 0.40812554955482483]","[481.6452331542969, 602.2267456054688]","[0.9492735862731934, 0.043818552047014236, 0.0]"
1,IoU,"[0.16747118532657623, 0.39301204681396484]","[0.05962537229061127, 596.372802734375]","[0.9245163798332214, 0.060747046023607254, 0.0]"
1,IoU,"[0.18011145293712616, 0.3757733106613159]","[0.06294475495815277, 594.558837890625]","[0.8777971267700195, 0.05479242280125618, 0.0]"
1,IoU,"[0.17935340106487274, 0.3949677348136902]","[0.062218114733695984, 590.9561157226562]","[0.8848255276679993, 0.05174674838781357, 0.0]"
1,IoU,"[0.16072896122932434, 0.3855951726436615]","[467.18792724609375, 588.2891235351562]","[0.8233598470687866, 0.06991542875766754, 0.0]"
-1,None,"[0.18368111550807953, 0.44507792592048645]","[471.7898864746094, 584.5993041992188]","[0.7651844620704651, 0.04017028957605362, 0.0]"
-1,None,"[0.17825859785079956, 0.5032997727394104]","[470.70013427734375, 565.420166015625]","[0.0, 0.0, 0.0]"
-1,None,"[0.16101868450641632, 0.5657188296318054]","[471.681396484375, 558.8135375976562]","[0.0, 0.0, 0.0]"
-1,None,"[0.18636110424995422, 0.5935379862785339]","[473.10076904296875, 563.8587036132812]","[0.0, 0.0, 0.0]"
-1,None,"[0.19443294405937195, 0.6081619262695312]","[471.29052734375, 558.4905395507812]","[0.0, 0.0, 0.0]"
-1,None,"[0.159493088722229, 0.5899453163146973]","[467.3494873046875, 551.1641845703125]","[0.0, 0.0, 0.0]"
-1,None,"[0.620194673538208, 0.1517619788646698]","[547.3312377929688, 466.0177001953125]","[0.0, 0.0]"
-1,None,"[0.6377426981925964, 0.15787272155284882]","[541.9224243164062, 466.4053039550781]","[0.0, 0.0, 0.0]"
-1,None,"[0.6335421204566956, 0.18527188897132874]","[545.8897094726562, 463.392578125]","[0.0, 0.0, 0.0]"
-1,None,"[0.6015210151672363, 0.16445155441761017]","[540.8479614257812, 465.7646179199219]","[0.0, 0.0, 0.0]"
-1,None,"[0.6176095604896545, 0.18522486090660095]","[538.2577514648438, 463.09375]","[0.0, 0.0, 0.0]"
-1,None,"[0.6168431639671326, 0.21065084636211395]","[533.21435546875, 467.65447998046875]","[0.0, 0.0, 0.0]"
-1,None,"[0.5534566640853882, 0.18972642719745636]","[535.2498168945312, 462.3660583496094]","[0.0, 0.0, 0.0]"
-1,None,"[0.5432893633842468, 0.21975074708461761]","[534.5297241210938, 470.1671142578125]","[0.0, 0.0, 0.0]"
-1,None,"[0.5630806088447571, 0.232632577419281]","[534.7217407226562, 467.83160400390625]","[0.0, 0.0, 0.0]"
-1,None,"[0.5684713125228882, 0.2532494366168976]","[522.7457275390625, 474.9884033203125]","[0.0, 0.0, 0.0]"
-1,None,"[0.5624660849571228, 0.21351739764213562]","[519.6159057617188, 465.6621398925781]","[0.0, 0.0, 0.0]"
-1,None,"[0.5813721418380737, 0.24214914441108704]","[518.4139404296875, 466.0174560546875]","[0.0, 0.0, 0.0]"
-1,None,"[0.25960835814476013, 0.5999569296836853]","[471.02252197265625, 520.6678466796875]","[0.0, 0.0, 0.0]"
-1,None,"[0.5949247479438782, 0.24849699437618256]","[519.791259765625, 475.59228515625]","[0.0, 0.0, 0.0]"
-1,None,"[0.5622411370277405, 0.2060522586107254]","[518.9299926757812, 471.5234375]","[0.0, 0.0, 0.0]"
-1,None,"[0.5462077856063843, 0.19607901573181152]","[523.327880859375, 472.1513366699219]","[0.0, 0.0, 0.0]"
-1,None,"[0.5527790784835815, 0.19550712406635284]","[523.2424926757812, 470.762939453125]","[0.0, 0.0, 0.0]"
-1,None,"[0.5438104867935181, 0.18524064123630524]","[519.8964233398438, 471.2677917480469]","[0.0, 0.0, 0.0]"
-1,None,"[0.5246967673301697, 0.19739721715450287]","[0.04996778070926666, 473.25091552734375]","[0.0, 0.0, 0.0]"
-1,None,"[0.5384120941162109, 0.21484500169754028]","[514.9161376953125, 470.909912109375]","[0.0, 0.0]"
-1,None,"[0.5428975820541382, 0.1983117312192917]","[515.6207885742188, 474.11212158203125]","[0.0, 0.0, 0.0]"
-1,None,"[0.5487450957298279, 0.16511936485767365]","[516.6397094726562, 477.7746276855469]","[0.0, 0.0, 0.0]"
-1,None,"[0.5551702380180359, 0.15040995180606842]","[514.9117431640625, 470.02105712890625]","[0.0, 0.0, 0.0]"
-1,None,"[0.5250376462936401, 0.12701302766799927]","[0.04597049951553345, 477.5936279296875]","[0.0, 0.0, 0.0]"
-1,None,"[0.5146810412406921, 0.11525025963783264]","[514.1434326171875, 477.18878173828125]","[0.0, 0.0, 0.0]"
-1,None,"[0.5462433695793152, 0.12517179548740387]","[513.231201171875, 479.6202392578125]","[0.0, 0.0, 0.0]"
-1,None,"[0.5321950316429138, 0.11894183605909348]","[513.6416015625, 478.3568420410156]","[0.0, 0.0]"
-1,None,"[0.519519031047821, 0.09171657264232635]","[513.694580078125, 486.1258239746094]","[0.0, 0.0]"
2,HoC + Pose to start IoU,"[0.07078692317008972, 0.5215622782707214]","[0.035252928733825684, 520.7935180664062]","[0.0, 0.0]"
1,HoC + Pose to start IoU,"[0.06854569911956787, 0.5351948142051697]","[0.02914649248123169, 524.484619140625]","[0.0, 0.0, 0.0]"
1,IoU,"[0.059005867689847946, 0.5402557253837585]","[0.02531549334526062, 525.3955688476562]","[1.0, 0.06087586656212807]"
1,IoU,"[0.07358992844820023, 0.5443771481513977]","[0.016600534319877625, 532.072998046875]","[0.9649667143821716, 0.061644088476896286, 0.0]"
1,IoU,"[0.0694742202758789, 0.5292842388153076]","[0.017556071281433105, 532.7753295898438]","[0.9073057174682617, 0.06090884283185005]"
1,IoU,"[0.06652308255434036, 0.5334150195121765]","[0.008444130420684814, 537.1495971679688]","[0.9225698113441467, 0.05004461482167244, 0.0]"
1,HoC + Pose,"[0.06939823180437088, 0.5301504135131836]","[0.007385224103927612, 540.1255493164062]","[0.042077790945768356, 0.9010105133056641]"
2,HoC + Pose to start IoU,"[0.5384646654129028, 0.06662976741790771]","[542.0276489257812, 0.0002566874027252197]","[0.0, 0.0, 0.0]"
1,HoC + Pose,"[0.07054463028907776, 0.5330076813697815]","[0.0006847232580184937, 541.9036865234375]","[0.0, 1.0, 0.0]"
2,HoC + Pose to start IoU,"[0.5343878865242004, 0.08466438949108124]","[541.509765625, 0.001596197485923767]","[0.0, 0.0, 0.0]"
2,IoU,"[0.5539473295211792, 0.10979066789150238]","[551.0509033203125, 0.007538780570030212]","[0.0, 1.0, 0.0]"
1,HoC + Pose,"[0.10759840905666351, 0.5292716026306152]","[0.0153866708278656, 560.6271362304688]","[0.0, 0.9319256544113159]"
1,HoC + Pose to start IoU,"[0.10631129145622253, 0.5488306879997253]","[0.02256736159324646, 556.1828002929688]","[0.0, 0.0, 0.0]"
1,IoU,"[0.5609354972839355, 0.08699946850538254]","[567.4617309570312, 584.3218383789062]","[1.0, 0.0]"
2,IoU,"[0.5558208227157593, 0.07857783138751984]","[0.007701501250267029, 590.709228515625]","[0.0, 0.9700563549995422]"
1,HoC + Pose,"[0.07975669205188751, 0.5578433275222778]","[0.04634279012680054, 600.432373046875]","[0.0, 0.9599459767341614]"
1,HoC + Pose to start IoU,"[0.07502037286758423, 0.558661937713623]","[0.05885306000709534, 0.035711854696273804]","[0.0, 0.0]"
1,IoU,"[0.08215822279453278, 0.5737653970718384]","[606.3214111328125, 620.517578125]","[1.0, 0.0]"
1,IoU,"[0.08169882744550705, 0.5509718656539917]","[0.06915867328643799, 0.038073956966400146]","[0.9676113128662109, 0.0]"
1,IoU,"[0.08459825068712234, 0.5371608138084412]","[0.08154985308647156, 624.7918701171875]","[0.9550238251686096, 0.0]"
1,IoU,"[0.0962982177734375, 0.505567729473114]","[0.0945902168750763, 639.5545654296875]","[0.9618968963623047, 0.0]"
1,IoU,"[0.10439471900463104, 0.49890652298927307]","[0.1055450439453125, 642.9280395507812]","[0.9525545835494995, 0.0]"
1,IoU,"[0.11196968704462051, 0.4584813117980957]","[0.11295852065086365, 653.7738647460938]","[0.9433862566947937, 0.01385160069912672]"
1,IoU,"[0.12162632495164871, 0.4793176054954529]","[0.13278591632843018, 0.08558276295661926]","[0.9731816649436951, 0.03732159733772278]"
1,IoU,"[0.1316549926996231, 0.49647215008735657]","[0.14699575304985046, -1.0]","[0.9755602478981018, 0.05100708082318306]"
1,IoU,"[0.17954689264297485, 0.5471974611282349]","[0.16146424412727356, -1.0]","[0.9632359743118286, 0.060546875]"
1,IoU,"[0.1952630877494812, 0.5906402468681335]","[-1.0, -1.0]","[0.9578402638435364, 0.06795096397399902]"
1,IoU,"[0.20225857198238373, 0.56634521484375]","[-1.0, -1.0]","[0.9510505199432373, 0.07771863043308258]"
1,IoU,"[0.2149915248155594, 0.5967230200767517]","[-1.0, -1.0]","[0.9458598494529724, 0.07492413371801376]"
1,IoU,"[0.18033862113952637, 0.5748154520988464]","[-1.0, -1.0]","[0.9529399275779724, 0.08765015006065369]"
1,IoU,"[0.18106471002101898, 0.6433918476104736]","[-1.0, -1.0]","[0.9506708979606628, 0.09824561327695847]"
1,IoU,"[0.1943894475698471, 0.6696261167526245]","[-1.0, -1.0]","[0.9447513818740845, 0.09045781195163727, 0.0]"
1,IoU,"[0.23166784644126892, 0.7261125445365906]","[-1.0, -1.0]","[0.9577836394309998, 0.09763879328966141, 0.0, 0.0]"
1,IoU,"[0.21868039667606354, 0.7721481919288635, 1.4618903398513794]","[-1.0, -1.0, -1.0]","[0.9278350472450256, 0.0851646214723587]"
1,IoU,"[0.21139560639858246, 0.8472868800163269]","[-1.0, -1.0]","[0.9125964045524597, 0.05011250451207161]"
1,IoU,"[0.23019906878471375, 0.8543102145195007]","[-1.0, -1.0]","[0.9097051024436951, 0.027868952602148056]"
1,IoU,"[0.2591090798377991, 0.8136050701141357]","[-1.0, -1.0]","[0.896183431148529, 0.026143791154026985]"
1,IoU,"[0.2863261103630066, 0.74897301197052]","[-1.0, -1.0]","[0.9283002018928528, 0.011405070312321186]"
1,IoU,"[0.26515451073646545, 0.7525138258934021]","[-1.0, -1.0]","[0.963556170463562, 0.01339239627122879]"
1,IoU,"[0.23700088262557983, 0.6870695352554321]","[-1.0, -1.0]","[0.9856498837471008, 0.021402226760983467]"
1,IoU,"[0.21497057378292084, 0.6601989269256592]","[-1.0, -1.0]","[0.9629704356193542, 0.012847049161791801]"
1,IoU,"[0.29185622930526733, 0.6019572019577026]","[-1.0, -1.0]","[0.9382814764976501, 0.02513829991221428]"
1,IoU,"[0.372372031211853, 0.5226395726203918]","[-1.0, -1.0]","[0.915817141532898, 0.03392722085118294]"
1,IoU,"[0.4683407247066498, 0.46275249123573303]","[-1.0, -1.0]","[0.9373776912689209, 0.03704659640789032]"
1,IoU,"[0.5170523524284363, 0.4658936858177185]","[-1.0, -1.0]","[0.9435747265815735, 0.04046303778886795]"
1,IoU,"[0.5350795388221741, 0.4644799530506134]","[-1.0, -1.0]","[0.9530656337738037, 0.03889363631606102]"
1,IoU,"[0.5325619578361511, 0.49994906783103943]","[-1.0, -1.0]","[0.9632912874221802, 0.04770677536725998]"
1,IoU,"[0.5471975207328796, 0.5753065943717957]","[-1.0, -1.0]","[0.9757431149482727, 0.05735207721590996]"
1,IoU,"[0.5759578943252563, 0.6148394346237183]","[-1.0, -1.0]","[0.9640637040138245, 0.07155445218086243]"
1,IoU,"[0.6289770603179932, 0.6697408556938171]","[-1.0, -1.0]","[0.9441266655921936, 0.08329656720161438]"
1,IoU,"[0.6812744140625, 0.7414119243621826]","[-1.0, -1.0]","[0.9398965835571289, 0.08269797265529633]"
1,IoU,"[0.724718451499939, 0.7659501433372498]","[-1.0, -1.0]","[0.9472096562385559, 0.10308443009853363]"
1,IoU,"[0.75501549243927, 0.7272788286209106]","[-1.0, -1.0]","[0.9100010991096497, 0.11035481095314026]"
2,IoU,"[0.7554136514663696, 0.7315830588340759]","[-1.0, -1.0]","[0.13293030858039856, 0.8937087655067444]"
1,IoU,"[0.7053477168083191, 0.7160338163375854]","[-1.0, -1.0]","[0.9371731281280518, 0.14475062489509583]"
1,IoU,"[0.7584209442138672, 0.7359012365341187]","[-1.0, -1.0]","[0.928725004196167, 0.1360139548778534]"
1,IoU,"[0.9437585473060608, 0.7717804312705994]","[-1.0, -1.0]","[0.9552888870239258, 0.11595011502504349]"
1,IoU,"[0.9904861450195312, 0.7688068151473999]","[-1.0, -1.0]","[0.9665155410766602, 0.12645208835601807, 0.029276728630065918]"
1,IoU,"[1.082216501235962, 0.7957355380058289]","[-1.0, -1.0]","[0.97503262758255, 0.09387767314910889, 0.04649065062403679]"
2,IoU,"[1.10527503490448, 0.878907322883606]","[-1.0, -1.0]","[0.08467329293489456, 0.9711301922798157]"
2,IoU,"[0.9591714143753052, 1.072026014328003]","[-1.0, -1.0]","[0.07194969058036804, 0.9638577699661255]"
2,IoU,"[1.0606642961502075, 0.8731781840324402]","[-1.0, -1.0]","[0.042902760207653046, 0.987740695476532]"
2,IoU,"[1.0826095342636108, 0.8010780811309814]","[-1.0, -1.0]","[0.038897864520549774, 0.985987663269043, 0.5819225907325745]"
3,IoU,"[1.1299268007278442, 0.8964676856994629]","[-1.0, -1.0]","[0.02892884984612465, 0.637456476688385, 0.8845158815383911]"
-1,None,"[1.1442346572875977, 1.558766484260559, 1.0110008716583252]","[-1.0, -1.0, -1.0]","[0.0, 0.0, 0.0]"
-1,None,"[1.1168135404586792, 1.267472505569458]","[-1.0, -1.0]","[0.0, 0.0, 0.0]"
-1,None,"[1.119550347328186, 1.0270863771438599]","[-1.0, -1.0]","[0.0, 0.0, 0.0]"
-1,None,"[1.06551194190979, 0.8893119096755981, 0.9236047267913818]","[-1.0, -1.0, -1.0]","[0.0, 0.0]"
-1,None,"[1.0540803670883179, 0.869561493396759]","[-1.0, -1.0]","[0.0, 0.0]"
-1,None,"[1.0358554124832153, 0.92485511302948]","[-1.0, -1.0]","[0.0, 0.0, 0.0]"
-1,None,"[1.01116943359375, 0.6382051706314087, 0.6812931299209595]","[-1.0, -1.0, -1.0]","[0.0, 0.0]"
-1,None,[0.8021919131278992],[-1.0],"[0.0, 0.0]"
-1,None,"[0.6630848050117493, 0.9853121638298035]","[-1.0, -1.0]","[0.0, 0.0, 0.0]"
-1,None,"[0.9264862537384033, 0.5547858476638794, 0.598414421081543]","[-1.0, -1.0, -1.0]","[0.0, 0.0]"
-1,None,"[0.6481755971908569, 0.648154079914093]","[-1.0, -1.0]",[]
-1,None,[0.63578861951828],[-1.0],"[0.0, 0.0]"
-1,None,[0.9966393113136292],[-1.0],[0.0]
-1,None,[1.5312142372131348],[-1.0],"[0.0, 0.0]"
-1,None,[0.9674642086029053],[-1.0],[0.0]
-1,None,[0.9411203861236572],[-1.0],[0.0]
-1,None,[1.13166344165802],[-1.0],[0.0]
-1,None,"[0.48880958557128906, 0.9387717247009277]","[-1.0, -1.0]","[0.0, 0.0]"
1,HoC + Pose to start IoU,[0.4440328776836395],[-1.0],"[0.0, 0.0]"
1,IoU,[0.9480663537979126],[-1.0],"[1.0, 0.0]"
2,IoU,"[0.6024346947669983, 0.9191672801971436]","[-1.0, -1.0]","[0.0, 0.8061794638633728]"
2,IoU,"[0.5372050404548645, 0.8957380056381226]","[-1.0, -1.0]","[0.0, 0.881615161895752, 0.6277561783790588]"
-1,None,"[0.5423349738121033, 0.8850308656692505]","[-1.0, -1.0]","[0.0, 0.7612983584403992]"
-1,None,"[0.5486831068992615, 0.9254461526870728]","[-1.0, -1.0]","[0.0, 0.0]"
-1,None,"[0.5939541459083557, 0.9998316168785095]","[-1.0, -1.0]","[0.0, 0.0]"
-1,None,"[0.6286689043045044, 1.0501861572265625]","[-1.0, -1.0]","[0.0, 0.0]"
-1,None,"[0.6497783660888672, 1.0458041429519653]","[-1.0, -1.0]","[0.0, 0.0]"
-1,None,"[0.6713012456893921, 0.9959570169448853]","[-1.0, -1.0]","[0.0, 0.0]"
-1,None,"[0.6521130204200745, 0.9847815036773682]","[-1.0, -1.0]","[0.0, 0.0]"
-1,None,"[0.5921170711517334, 0.9532040357589722]","[-1.0, -1.0]","[0.0, 0.0]"
-1,None,"[0.606572151184082, 1.006556510925293]","[-1.0, -1.0]","[0.0, 0.0]"
-1,None,"[0.5864695310592651, 0.9719259142875671]","[-1.0, -1.0]","[0.0, 0.0, 0.0]"
-1,None,"[0.5106876492500305, 0.9745449423789978, 1.127485990524292]","[-1.0, -1.0, -1.0]","[0.0, 0.0, 0.0]"
-1,None,"[0.48563387989997864, 0.9688200950622559, 1.1041560173034668]","[-1.0, -1.0, -1.0]","[0.0, 0.0, 0.0]"
-1,None,"[0.4538216292858124, 0.9164028167724609]","[-1.0, -1.0]","[0.0, 0.0]"
1,HoC + Pose to start IoU,"[0.43135887384414673, 0.9731554388999939]","[-1.0, -1.0]","[0.0, 0.0]"
1,IoU,"[0.42178264260292053, 0.8630462884902954]","[-1.0, -1.0]","[1.0, 0.055648066103458405]"
1,IoU,"[0.3918621838092804, 0.8981592655181885]","[-1.0, -1.0]","[0.95196932554245, 0.07354134321212769]"
1,IoU,"[0.33002257347106934, 0.7542794942855835]","[-1.0, -1.0]","[0.9544193744659424, 0.06904163956642151]"
1,IoU,"[0.30611753463745117, 0.7405076622962952]","[-1.0, -1.0]","[0.9772171974182129, 0.06909482181072235]"
1,IoU,"[0.30224260687828064, 0.6715446710586548]","[-1.0, -1.0]","[0.9266315698623657, 0.07071284204721451]"
1,IoU,"[0.3184661567211151, 0.6772468090057373]","[-1.0, -1.0]","[0.9445589184761047, 0.07051312178373337]"
1,IoU,"[0.35426005721092224, 0.6032615303993225]","[-1.0, -1.0]","[0.9591965675354004, 0.058347590267658234]"
1,IoU,"[0.4313803017139435, 0.5390797853469849]","[-1.0, -1.0]","[0.974780797958374, 0.06588555872440338]"
1,IoU,"[0.3884872794151306, 0.5318933129310608]","[-1.0, -1.0]","[0.9841868281364441, 0.06815159320831299]"
2,IoU,"[0.6268609166145325, 0.3640960454940796]","[-1.0, -1.0]","[0.0722239762544632, 0.9434574246406555]"
1,IoU,"[0.31437304615974426, 0.7531291246414185]","[-1.0, -1.0]","[0.9709420800209045, 0.06251561641693115]"
1,IoU,"[0.3142772316932678, 0.803256630897522]","[-1.0, -1.0]","[0.9755012392997742, 0.06221221387386322]"
1,IoU,"[0.3280666172504425, 0.8434217572212219]","[-1.0, -1.0]","[0.956112265586853, 0.07116223126649857]"
1,IoU,"[0.2726319432258606, 0.8516666889190674]","[-1.0, -1.0]","[0.9732441306114197, 0.07223765552043915]"
2,IoU,"[0.8243125677108765, 0.2272500991821289]","[-1.0, -1.0]","[0.08235815912485123, 0.9546069502830505]"
1,IoU,"[0.21220798790454865, 0.8064138889312744]","[-1.0, -1.0]","[0.9297511577606201, 0.0943053588271141]"
2,IoU,"[0.7831214070320129, 0.21211358904838562]","[-1.0, -1.0]","[0.0947670117020607, 0.9283149838447571]"
1,IoU,"[0.24651826918125153, 0.7290281057357788]","[-1.0, -1.0]","[0.8778846859931946, 0.11434108763933182]"
2,IoU,"[0.672785758972168, 0.28048232197761536]","[0.12823301553726196, -1.0]","[0.112288698554039, 0.8469839096069336]"
2,IoU,"[0.6488938927650452, 0.27525901794433594]","[-1.0, 0.10889890789985657]","[0.1044556051492691, 0.8884907960891724]"
1,IoU,"[0.2552606165409088, 0.602434515953064]","[0.1390436887741089, 0.08957234025001526]","[0.9119967818260193, 0.10218808799982071]"
2,IoU,"[0.5657751560211182, 0.2687109708786011]","[0.079033762216568, 0.1266108751296997]","[0.09719899296760559, 0.9270386099815369]"
2,IoU,"[0.5624449253082275, 0.2391016185283661]","[0.10207706689834595, 0.07384780049324036]","[0.08485375344753265, 0.9805395603179932]"
1,IoU,"[0.224945530295372, 0.5227022767066956]","[0.10144558548927307, 0.07823938131332397]","[0.9649062752723694, 0.08559855818748474]"
2,IoU,"[0.5222666263580322, 0.219898521900177]","[0.056940436363220215, 682.7977294921875]","[0.08306775987148285, 0.9268147945404053]"
2,IoU,"[0.5431656241416931, 0.24186868965625763]","[670.7844848632812, 0.04269909858703613]","[0.101416677236557, 0.9037734270095825]"
2,IoU,"[0.5254914164543152, 0.27633699774742126]","[0.09263163805007935, 0.031029999256134033]","[0.09069451689720154, 0.9119865894317627]"
2,IoU,"[0.5234068632125854, 0.25722452998161316]","[0.08165889978408813, 0.022598877549171448]","[0.07425329834222794, 0.9018758535385132]"
3,IoU,"[0.5084778070449829, 0.24758639931678772]","[0.07157063484191895, 0.013628840446472168]","[0.057782985270023346, 0.8893793225288391]"
3,IoU,"[0.49891290068626404, 0.2611997127532959]","[618.172607421875, 0.0039456188678741455]","[0.0658324733376503, 0.9060987830162048, 0.0]"
2,IoU,"[0.5034565329551697, 0.2512480914592743]","[586.599609375, 0.014046251773834229]","[0.052098143845796585, 0.9103869199752808]"
2,IoU,"[0.4863473176956177, 0.2913673520088196]","[586.01318359375, 519.4518432617188]","[0.06033449247479439, 0.8815887570381165]"
2,IoU,"[0.4780183434486389, 0.30611810088157654]","[569.218994140625, 527.5029907226562]","[0.062029894441366196, 0.8884393572807312]"
3,IoU,"[0.4754663407802582, 0.27911898493766785]","[560.4827880859375, 528.9312133789062]","[0.07462337613105774, 0.8789836764335632]"
3,IoU,"[0.4721430838108063, 0.26800525188446045]","[563.8056640625, 0.09571759402751923]","[0.06960495561361313, 0.8999512195587158]"
3,IoU,"[0.4663739800453186, 0.24287690222263336]","[563.5784301757812, 0.10181359946727753]","[0.07197696715593338, 0.9516082406044006]"
3,IoU,"[0.47370150685310364, 0.21866238117218018]","[561.3394775390625, 507.94903564453125]","[0.07706073671579361, 0.940039336681366]"
3,IoU,"[0.48089608550071716, 0.23096631467342377]","[549.8480834960938, 501.09710693359375]","[0.08948378264904022, 0.9510561227798462]"
3,IoU,"[0.4981693625450134, 0.22367528080940247]","[536.7073364257812, 498.7804260253906]","[0.09743279963731766, 0.967764139175415]"
3,IoU,"[0.523475706577301, 0.23539835214614868]","[0.0272800475358963, 500.3155822753906]","[0.12362894415855408, 0.9050307869911194]"
3,IoU,"[0.5635012984275818, 0.2633494734764099]","[0.022377267479896545, 500.1231384277344]","[0.12736041843891144, 0.8119858503341675]"
3,IoU,"[0.5768293738365173, 0.28982362151145935]","[546.4921875, 503.7877502441406]","[0.10489467531442642, 0.8294921517372131]"
3,IoU,"[0.5626653432846069, 0.27415695786476135]","[534.7896118164062, 493.0169677734375]","[0.10283875465393066, 0.8698217868804932]"
3,IoU,"[0.5846852660179138, 0.23032549023628235]","[539.4268188476562, 496.3536682128906]","[0.0842822715640068, 0.8631632924079895]"
-1,None,"[0.5791752338409424, 0.21459288895130157]","[529.8161010742188, 487.0990295410156]","[0.06141979992389679, 0.7793479561805725]"
-1,None,"[0.22901616990566254, 0.5764792561531067]","[530.6117553710938, 493.5942687988281]","[0.0, 0.0]"
-1,None,"[0.25172123312950134, 0.5460161566734314]","[488.8392639160156, 509.7179260253906]","[0.0, 0.0]"
-1,None,"[0.26549476385116577, 0.4988924562931061]","[489.2383728027344, 507.0211181640625]","[0.0, 0.0]"
-1,None,"[0.2439064234495163, 0.45861154794692993]","[488.9782409667969, 505.990478515625]","[0.0, 0.0]"
-1,None,"[0.22324182093143463, 0.44307953119277954]","[487.3699645996094, 508.0478210449219]","[0.0, 0.0]"
-1,None,"[0.22962194681167603, 0.4674393832683563]","[492.5852966308594, 514.9080200195312]","[0.0, 0.0]"
-1,None,"[0.17237745225429535, 0.42936569452285767]","[493.664306640625, 518.5409545898438]","[0.0, 0.0]"
3,HoC + Pose to start IoU,"[0.4304705560207367, 0.13169628381729126]","[0.037026092410087585, 0.047881901264190674]","[0.0, 0.0]"
3,IoU,"[0.4187801778316498, 0.09799596667289734]","[523.021240234375, 0.03654426336288452]","[0.05355289205908775, 1.0]"
3,IoU,"[0.4338483512401581, 0.0774509608745575]","[522.0545043945312, 506.21636962890625]","[0.051502298563718796, 0.9304059147834778]"
3,IoU,"[0.44806987047195435, 0.06143869832158089]","[520.0816650390625, 509.6455383300781]","[0.043999433517456055, 0.9057992100715637]"
2,IoU,"[0.05162232369184494, 0.47396939992904663]","[520.0953369140625, 513.8787841796875]","[0.9081969261169434, 0.02281036041676998]"
2,IoU,"[0.05473225936293602, 0.49111270904541016]","[519.4795532226562, 523.2189331054688]","[0.9422028064727783, 0.0]"
3,IoU,"[0.5053578019142151, 0.05500868335366249]","[523.0723876953125, 522.652099609375]","[0.0, 0.9495245218276978]"
3,IoU,"[0.5080000162124634, 0.05121225118637085]","[0.037742868065834045, 529.9462280273438]","[0.0, 0.9839401245117188]"
2,IoU,"[0.5214208960533142, 0.05564968287944794]","[523.7905883789062, 529.7601928710938]","[0.0, 0.9838051199913025]"
3,IoU,"[0.5534406900405884, 0.06018231809139252]","[523.7105712890625, 539.4293823242188]","[0.0, 0.9447486400604248]"
3,IoU,"[0.5702372193336487, 0.07473082095384598]","[526.922119140625, 0.004162445664405823]","[0.0, 0.8956124782562256]"
3,IoU,"[0.5922086238861084, 0.07336469739675522]","[0.03548935055732727, 0.0030112862586975098]","[0.0, 0.8841898441314697]"
3,IoU,"[0.588326096534729, 0.07259156554937363]","[526.8137817382812, 0.002076089382171631]","[0.004853404592722654, 0.879327654838562]"
3,IoU,"[0.5990761518478394, 0.07544464617967606]","[528.1510009765625, 558.6578979492188]","[0.022076107561588287, 0.8529261350631714, 0.0]"
3,IoU,"[0.5956327319145203, 0.07759366929531097]","[530.0296020507812, 0.0008825212717056274]","[0.05172434076666832, 0.8049509525299072]"
3,IoU,"[0.5821731090545654, 0.05738326907157898]","[530.9073486328125, 0.0014007091522216797]","[0.10407392680644989, 0.805313229560852]"
2,IoU,"[0.5520188808441162, 0.06983437389135361]","[526.7904052734375, 0.0014119446277618408]","[0.14270465075969696, 0.8386644124984741]"
2,IoU,"[0.5239054560661316, 0.08043159544467926]","[526.3095092773438, 0.002303868532180786]","[0.158685564994812, 0.8702692985534668]"
3,IoU,"[0.5078918933868408, 0.08599654585123062]","[522.9430541992188, 0.0030247271060943604]","[0.16667810082435608, 0.8716039657592773]"
3,IoU,"[0.4645049571990967, 0.07306236773729324]","[530.1115112304688, 0.009935587644577026]","[0.16022039949893951, 0.8802281618118286]"
3,IoU,"[0.4759698212146759, 0.07292641699314117]","[531.4271850585938, 0.03048977255821228]","[0.16056154668331146, 0.8949095606803894]"
4,IoU,"[0.46663156151771545, 0.11191782355308533]","[529.8935546875, 0.036723941564559937]","[0.17896492779254913, 0.9342671632766724]"
4,IoU,"[0.4543123245239258, 0.13505496084690094]","[528.6837768554688, 0.03427314758300781]","[0.18209820985794067, 0.8827006816864014]"
4,IoU,"[0.46355804800987244, 0.1364419013261795]","[0.015821099281311035, 0.022008702158927917]","[0.19895720481872559, 0.8675351738929749, 0.0]"
4,IoU,"[0.458423376083374, 0.1562383472919464]","[534.69677734375, 555.973876953125]","[0.17428062856197357, 0.8042327761650085]"
4,HoC + Pose to start IoU,"[0.43951064348220825, 0.2073737531900406]","[-1.0, 0.02322220802307129]","[0.18283294141292572, 0.7948412299156189]"
4,IoU,"[0.4312343895435333, 0.23532189428806305]","[-1.0, 0.02881014347076416]","[0.3196886479854584, 1.0, 0.0]"
4,HoC + Pose to start IoU,"[0.443699449300766, 0.2484196424484253]","[522.8141479492188, 0.03270962834358215]","[0.27541831135749817, 0.7445446252822876, 0.0]"
2,HoC + Pose to start IoU,"[0.27292871475219727, 0.5847848653793335]","[0.027283817529678345, 0.038039594888687134]","[0.0, 0.0]"
2,IoU,[0.2832474410533905],[0.03676748275756836],[1.0]
2,IoU,[0.2555466890335083],[607.456787109375],"[0.8155696392059326, 0.455387145280838, 0.28726932406425476, 0.23416270315647125]"
2,IoU,"[0.24618908762931824, 0.5990279316902161]","[0.0424426794052124, 562.3497924804688]","[0.8297225832939148, 0.28432562947273254]"
2,IoU,"[0.25313130021095276, 0.6770474910736084]","[0.05400612950325012, 542.4212646484375]","[0.8290205001831055, 0.27337536215782166]"
2,IoU,"[0.2548738420009613, 0.6818419694900513]","[0.05449119210243225, 560.05126953125]","[0.888911783695221, 0.2479998916387558]"
1,IoU,"[0.26463648676872253, 0.6621633768081665]","[0.05237448215484619, 545.69091796875]","[0.8385512828826904, 0.2513231337070465]"
1,IoU,"[0.24643157422542572, 0.5996665358543396]","[0.04959401488304138, 546.9031982421875]","[0.8549150228500366, 0.19730694591999054, 0.06968619674444199]"
1,IoU,"[0.2513139545917511, 0.5762160420417786, 1.3374367952346802]","[0.05679446458816528, 549.4468383789062, 614.1480102539062]","[0.9614202976226807, 0.1317300945520401, 0.08241793513298035]"
2,IoU,"[0.2442697435617447, 0.5618802309036255, 1.3305411338806152]","[0.05330777168273926, 548.8190307617188, 609.6185302734375]","[0.951887309551239, 0.0680532455444336, 0.09586217254400253]"
1,IoU,"[0.2149394154548645, 0.5799375772476196]","[0.04980388283729553, 553.4969482421875]","[0.9216122031211853, 0.018536480143666267]"
1,IoU,"[0.20927119255065918, 0.584011435508728]","[0.04357895255088806, 553.7025146484375]","[0.8678391575813293, 0.0]"
1,IoU,"[0.19614289700984955, 0.5889513492584229]","[0.028908103704452515, 564.6715087890625]","[0.8518158793449402, 0.0]"
1,IoU,"[0.18110446631908417, 0.6049643158912659]","[0.02379561960697174, 573.58251953125]","[0.8504606485366821, 0.0]"
1,IoU,"[0.19297954440116882, 0.6422992944717407]","[0.022161826491355896, 576.9586791992188]","[0.8588786721229553, 0.0]"
1,IoU,"[0.2018028199672699, 0.6468225121498108]","[0.019808530807495117, 587.7969360351562]","[0.8692452907562256, 0.0]"
2,IoU,"[0.2114022970199585, 0.6642670631408691]","[0.002228662371635437, 589.8280639648438]","[0.8541151881217957, 0.0]"
3,IoU,"[0.6542689800262451, 0.23957382142543793]","[0.0008119642734527588, 595.668701171875]","[0.0, 0.8302473425865173]"
3,IoU,"[0.6004953384399414, 0.24226196110248566]","[590.4855346679688, 533.9172973632812]","[0.0, 0.8200070858001709]"
3,IoU,"[0.5715521574020386, 0.25273481011390686]","[0.014415621757507324, 513.4890747070312]","[0.0, 0.8282917737960815]"
3,IoU,"[0.5796877145767212, 0.2740652859210968]","[560.1419067382812, 0.027025863528251648]","[0.0, 0.8426868915557861]"
3,IoU,"[0.5678648948669434, 0.26416707038879395]","[571.3552856445312, 517.0682373046875]","[0.0, 0.8529300689697266]"
3,IoU,"[0.5347850918769836, 0.2115342915058136]","[0.025569885969161987, 520.8086547851562]","[0.0, 0.8618603348731995]"
3,IoU,"[0.5229036808013916, 0.15188443660736084]","[615.157470703125, 521.16552734375]","[0.0, 0.8645004034042358]"
3,IoU,"[0.47952431440353394, 0.16211912035942078]","[624.8282470703125, 513.2171020507812]","[0.0, 0.8578255772590637]"
3,IoU,"[0.4454777240753174, 0.18390551209449768]","[0.04497307538986206, 507.779541015625]","[0.0, 0.8392789363861084, 0.06884695589542389]"
3,IoU,"[0.42198556661605835, 0.17825256288051605]","[631.7366333007812, 509.1741027832031]","[0.0, 0.8687629699707031]"
3,IoU,"[0.4022023379802704, 0.1894916296005249]","[632.9139404296875, 517.736328125]","[0.0, 0.8976261019706726]"
3,IoU,"[0.36358386278152466, 0.18792295455932617]","[637.8618774414062, 512.1871948242188]","[0.0, 0.9607322216033936]"
3,IoU,"[0.3524770140647888, 0.20520879328250885]","[646.282470703125, 498.8601379394531]","[0.0, 0.8726404309272766]"
3,IoU,"[0.3441409170627594, 0.2060306817293167]","[649.3270263671875, 496.30853271484375]","[0.0, 0.8870009779930115]"
3,IoU,"[0.3410259485244751, 0.2526024281978607]","[648.9449462890625, 498.6812438964844]","[0.0, 0.9065355658531189]"
3,IoU,"[0.3253495991230011, 0.23756197094917297]","[659.7539672851562, 492.91400146484375]","[0.0, 0.9312366843223572]"
2,IoU,"[0.22478188574314117, 0.31368890404701233]","[0.08793199062347412, 494.385009765625]","[0.9267092943191528, 0.0]"
2,IoU,"[0.26504459977149963, 0.3207063674926758]","[499.2410583496094, 0.09048032760620117]","[0.8431793451309204, 0.0]"
1,IoU,"[0.26588907837867737, 0.3171577751636505]","[501.8314514160156, 0.08790609240531921]","[0.8548686504364014, 0.0]"
1,IoU,"[0.26386335492134094, 0.33332812786102295]","[502.40045166015625, 0.08677321672439575]","[0.8886220455169678, 0.0]"
1,IoU,"[0.23019492626190186, 0.3464075028896332]","[500.717041015625, 0.11492463946342468]","[0.864068865776062, 0.0]"
1,IoU,"[0.22810669243335724, 0.3684482276439667]","[491.0882568359375, 0.09910234808921814]","[0.9069281816482544, 0.0]"
1,IoU,"[0.22326381504535675, 0.385087251663208]","[493.546875, 0.0977291464805603]","[0.9278877973556519, 0.0]"
2,IoU,"[0.1980132907629013, 0.4044061303138733]","[492.69488525390625, 0.09297654032707214]","[0.8863292336463928, 0.023794831708073616]"
2,IoU,"[0.15911972522735596, 0.4150870740413666]","[499.74688720703125, 0.09953561425209045]","[0.9540976881980896, 0.09074665606021881]"
2,IoU,"[0.14615893363952637, 0.4544331431388855]","[506.4834289550781, 0.08717793226242065]","[0.89105224609375, 0.10931739956140518]"
2,IoU,"[0.16213499009609222, 0.4442009925842285]","[495.75848388671875, 0.09090137481689453]","[0.8531695008277893, 0.1571173071861267]"
1,IoU,"[0.15622732043266296, 0.44144976139068604]","[487.7304382324219, 0.09661737084388733]","[0.8559277057647705, 0.1761692613363266]"
1,IoU,"[0.17563146352767944, 0.44216394424438477]","[0.053115084767341614, 0.0899825394153595]","[0.8730823397636414, 0.18456558883190155]"
1,IoU,"[0.18181754648685455, 0.4574948251247406]","[0.04657639563083649, 0.0922902524471283]","[0.8884800672531128, 0.21035754680633545]"
1,IoU,"[0.16844989359378815, 0.4507269859313965]","[0.038394659757614136, 0.09161376953125]","[0.8535679578781128, 0.24231046438217163]"
1,IoU,"[0.19541917741298676, 0.5137957334518433]","[0.0344843864440918, 0.09224683046340942]","[1.0, 0.23669861257076263]"
2,IoU,"[0.19223544001579285, 0.5043168067932129]","[0.02494657039642334, 0.09780740737915039]","[0.9332170486450195, 0.35548824071884155]"
3,IoU,"[0.5749833583831787, 0.17663951218128204]","[0.02511635422706604, 0.0894821286201477]","[0.3809748888015747, 0.8856982588768005]"
1,IoU,"[0.22304078936576843, 0.5841430425643921]","[0.09582939743995667, 0.02358965575695038]","[0.9438995718955994, 0.36329013109207153]"
3,IoU,"[0.5607913136482239, 0.26718518137931824]","[0.022956296801567078, 0.09076470136642456]","[0.3463938236236572, 0.8789716362953186, 0.4431627690792084, 0.047918349504470825]"
4,IoU,"[0.5224570631980896, 0.27976495027542114, 0.7813155055046082, 1.027735710144043]","[0.08835914731025696, 0.020239531993865967, 0.04963162541389465, 530.6424560546875]","[0.3254132866859436, 0.9009578824043274, 0.037308644503355026, 0.0]"
-1,None,"[0.4838094711303711, 1.3423056602478027]","[0.07228386402130127, -1.0]","[0.31939375400543213, 0.14611563086509705, 0.0]"
-1,None,[0.4732808470726013],[0.0711483359336853],[0.0]
-1,None,[0.49033409357070923],[0.04997575283050537],[0.0]
-1,None,[0.5199621915817261],[621.760986328125],"[0.0, 0.0, 0.0]"
-1,None,[0.5366248488426208],[610.5048828125],"[0.0, 0.0]"
-1,None,[0.5021934509277344],[609.6985473632812],[0.0]
-1,None,[0.4673187732696533],[593.3623657226562],"[0.0, 0.0]"
-1,None,[0.4460885524749756],[598.545654296875],[0.0]
2,HoC + Pose to start IoU,[0.38022223114967346],[0.037343382835388184],[0.0]
2,IoU,[0.3903428316116333],[588.2505493164062],[1.0]
2,IoU,[0.37054604291915894],[576.3475952148438],"[0.9930796027183533, 0.05599195137619972]"
2,IoU,[0.4177212119102478],[0.03792688250541687],"[0.9428744316101074, 0.050012923777103424]"
3,IoU,[0.38850119709968567],[581.636962890625],"[0.9767849445343018, 0.03917176276445389]"
2,IoU,[0.40876850485801697],[567.6842651367188],"[0.9434723854064941, 0.09316979348659515]"
2,IoU,[0.3876401484012604],[584.9779663085938],[0.9736484289169312]
2,IoU,[0.3768175542354584],[586.7022705078125],"[0.9813299775123596, 0.029355468228459358]"
2,IoU,[0.3807581961154938],[0.03899961709976196],"[0.9718865156173706, 0.03854363411664963]"
3,IoU,[0.4066182076931],[584.2333374023438],"[0.9722625017166138, 0.6509318947792053]"
3,IoU,[0.4073233902454376],[-1.0],[0.9576272964477539]
3,IoU,[0.43505528569221497],[591.2711181640625],"[0.9797462821006775, 0.6422647833824158]"
3,IoU,[0.3989576995372772],[0.054072290658950806],[0.9862899780273438]
3,IoU,[0.4560514986515045],[592.1941528320312],"[0.9690544605255127, 0.023711269721388817]"
3,IoU,[0.42578667402267456],[584.0153198242188],[0.9757621884346008]
3,IoU,[0.41037437319755554],[0.047436654567718506],"[0.9674583673477173, 0.6603723764419556]"
3,IoU,"[0.38612034916877747, 0.45660895109176636]","[0.05735442042350769, 0.0442025363445282]","[0.9810401797294617, 0.6597169041633606]"
3,IoU,"[0.35129764676094055, 0.4459282159805298]","[618.5416870117188, 618.5416870117188]","[0.9662997126579285, 0.6624441146850586]"
3,IoU,"[0.3516002893447876, 0.4572537839412689]","[0.05967637896537781, 0.05071929097175598]","[0.9234659671783447, 0.7148094177246094]"
3,IoU,"[0.44521912932395935, 0.34622320532798767]","[0.03962460160255432, 590.5808715820312]","[0.8917293548583984, 0.6181545853614807, 0.6421898603439331]"
5,HoC + Pose,"[0.49590426683425903, 0.3097962737083435, 0.3141963481903076]","[0.04761320352554321, 0.04117342829704285, 607.6856689453125]","[0.9069293737411499, 0.6092685461044312, 0.5104166865348816]"
4,HoC + Pose to start IoU,"[0.5794045925140381, 0.31985872983932495, 0.3011346161365509]","[-1.0, 0.04330417513847351, 604.6419067382812]","[0.0, 0.0, 0.0, 0.0, 0.0]"
3,HoC + Pose to start IoU,"[0.309739351272583, 0.6108191013336182, 1.3291882276535034]","[-1.0, -1.0, -1.0]","[0.0, 0.0, 0.0]"
3,IoU,"[0.3075551390647888, 0.5876152515411377]","[0.03484213352203369, -1.0]","[1.0, 0.41456204652786255]"
2,IoU,"[0.3306024372577667, 0.6296268105506897]","[0.04406863451004028, 595.0036010742188]","[0.8946130275726318, 0.32742226123809814, 0.04298696294426918]"
2,IoU,"[0.28716665506362915, 0.560599148273468]","[643.5972900390625, 585.5452270507812]","[0.923500120639801, 0.4119071960449219, 0.04143289849162102, 0.03169424459338188]"
2,IoU,"[0.2710583806037903, 0.466497540473938]","[0.040953129529953, 0.03109842538833618]","[0.9373041391372681, 0.2636909484863281]"
2,IoU,"[0.2536579668521881, 0.39614397287368774]","[644.7818603515625, 587.7321166992188]","[0.9567440748214722, 0.17466075718402863]"
2,IoU,"[0.25596439838409424, 0.3671566843986511]","[634.7257690429688, 579.5038452148438]","[0.9727899432182312, 0.12874019145965576]"
2,IoU,"[0.2759201228618622, 0.3888995349407196]","[629.0877075195312, 581.4931640625]","[0.983188271522522, 0.09292299300432205]"
2,IoU,"[0.2795032262802124, 0.3761432468891144]","[676.258544921875, 0.03545519709587097]","[0.9587701559066772, 0.08372992277145386, 0.021606311202049255]"
1,IoU,"[0.25113824009895325, 0.36068305373191833]","[658.158935546875, 589.5924072265625]","[0.9145749807357788, 0.08022566884756088]"
2,IoU,"[0.2360822707414627, 0.332809716463089]","[658.4693603515625, 0.04806622862815857]","[0.9150125980377197, 0.04077405110001564]"
3,IoU,"[0.33071938157081604, 0.23172640800476074]","[653.8707275390625, 583.6018676757812]","[0.013748960569500923, 0.9526066184043884]"
3,IoU,"[0.32133573293685913, 0.23882965743541718]","[591.518798828125, 646.1590576171875]","[0.026674481108784676, 0.9781458377838135]"
3,IoU,"[0.2781054973602295, 0.2544378638267517]","[602.3203125, 643.4638061523438]","[0.04525299742817879, 0.9877379536628723]"
2,IoU,"[0.28379207849502563, 0.25834983587265015]","[599.9173583984375, 647.095947265625]","[0.04181024804711342, 0.952604353427887]"
2,IoU,"[0.26991066336631775, 0.2641162574291229]","[0.027500957250595093, 639.8878173828125]","[0.02233869396150112, 0.915092408657074]"
3,IoU,"[0.24704477190971375, 0.2835274040699005]","[591.0169067382812, 651.02880859375]","[0.00805673748254776, 0.8978723287582397]"
1,HoC + Pose,"[0.25808292627334595, 0.27772489190101624]","[0.024544119834899902, 644.3228759765625]","[0.004025207366794348, 0.913507342338562, 0.0]"
-1,None,"[0.22696587443351746, 0.29235389828681946]","[592.4462280273438, 642.98486328125]","[0.0, 0.0]"
-1,None,"[0.31103476881980896, 0.23938651382923126]","[581.7657470703125, 647.214599609375]","[0.0, 0.0]"
-1,None,"[0.29859665036201477, 0.28798824548721313]","[658.5042114257812, 579.14892578125]","[0.0, 0.0]"
-1,None,"[0.3082962930202484, 0.2751768231391907]","[655.4393920898438, 585.6234130859375]","[0.0, 0.0]"
-1,None,"[0.30669039487838745, 0.27183997631073]","[657.3842163085938, 577.3806762695312]","[0.0, 0.0]"
3,HoC + Pose to start IoU,"[0.2675246000289917, 0.3169707655906677]","[657.6026000976562, 0.027038365602493286]","[0.0, 0.0, 0.0]"
2,HoC + Pose to start IoU,"[0.2249150574207306, 0.27633917331695557]","[643.8408203125, 0.02990269660949707]","[0.0, 0.0]"
2,IoU,"[0.27097833156585693, 0.18681743741035461]","[638.8989868164062, 0.022992640733718872]","[0.03554345667362213, 1.0]"
1,IoU,"[0.17402443289756775, 0.31045418977737427]","[0.022883817553520203, 629.8261108398438]","[0.8472272157669067, 0.0, 0.009761753492057323]"
2,IoU,"[0.29723432660102844, 0.18023115396499634]","[630.406982421875, 578.456298828125]","[0.0, 0.8750381469726562]"
1,IoU,"[0.16959872841835022, 0.30543389916419983]","[584.6071166992188, 610.7007446289062]","[0.8353878259658813, 0.025768352672457695]"
1,IoU,"[0.16956087946891785, 0.2965039014816284]","[0.07991719245910645, 580.2970581054688]","[0.9802400469779968, 0.0, 0.01002571638673544]"
1,IoU,"[0.18350186944007874, 0.3219074308872223]","[636.5213623046875, 0.016835004091262817]","[0.9316588640213013, 0.0]"
1,IoU,"[0.18900449573993683, 0.3137093484401703]","[642.1906127929688, 566.867431640625]","[0.9722270965576172, 0.006753244902938604]"
1,IoU,"[0.19946905970573425, 0.3201834559440613]","[652.0154418945312, 567.9609375]","[0.9722222089767456, 0.04267636686563492]"
1,IoU,"[0.20091593265533447, 0.32281771302223206]","[654.2943725585938, 0.0098152756690979]","[0.9716598987579346, 0.03646095097064972]"
1,IoU,"[0.23660719394683838, 0.31334659457206726]","[654.6000366210938, 568.6201171875]","[0.9376310706138611, 0.03442106023430824]"
1,IoU,"[0.2362891435623169, 0.3512376546859741]","[643.6405639648438, 568.2050170898438]","[0.9667489528656006, 0.03401603549718857, 0.009573731571435928]"
1,IoU,"[0.2596515715122223, 0.31738466024398804]","[0.09710034728050232, 561.6723022460938]","[0.9063354730606079, 0.006732808891683817]"
2,IoU,"[0.3074794113636017, 0.28504979610443115]","[0.09883049130439758, 573.0433349609375]","[0.017336152493953705, 0.9468051791191101, 0.011924407444894314]"
-1,None,"[0.2944294214248657, 0.3168885409832001]","[571.3202514648438, 653.1609497070312]","[0.7807350158691406, 0.05030392110347748]"
-1,None,"[0.3040659725666046, 0.27846136689186096]","[0.12308943271636963, 586.9671020507812]","[0.0, 0.0]"
-1,None,"[0.3358418941497803, 0.2755279541015625]","[658.4293823242188, 587.2994384765625]","[0.0, 0.0]"
-1,None,"[0.31402692198753357, 0.3251262903213501]","[689.108154296875, 591.1107788085938]","[0.0, 0.0]"
-1,None,"[0.2817244529724121, 0.3437299430370331]","[585.6658325195312, 671.4552001953125]","[0.0, 0.0, 0.0]"
-1,None,"[0.3372603952884674, 0.34134143590927124]","[586.602783203125, 0.10644593834877014]","[0.0, 0.0]"
-1,None,"[0.3400311768054962, 0.3367765545845032]","[587.790771484375, 687.8750610351562]","[0.0, 0.0]"
-1,None,"[0.3112984597682953, 0.36512619256973267]","[586.0899047851562, 0.14447322487831116]","[0.0, 0.0]"
2,HoC + Pose to start IoU,"[0.33835744857788086, 0.379677951335907]","[586.732666015625, 0.09497565031051636]","[0.0, 0.0]"
2,IoU,"[0.3823831379413605, 0.31484612822532654]","[0.030318260192871094, 684.9114379882812]","[0.0, 1.0, 0.003617627779021859]"
1,IoU,"[0.3186444938182831, 0.3656732141971588]","[660.9595947265625, 613.8010864257812]","[0.9431871771812439, 0.0]"
1,HoC + Pose,"[0.35330453515052795, 0.35864686965942383]","[0.05965566635131836, 0.11017447710037231]","[0.0374448224902153, 0.9274976849555969]"
2,HoC + Pose to start IoU,"[0.3417136073112488, 0.30734580755233765]","[0.1112092137336731, 0.06429985165596008]","[0.0, 0.0]"
2,IoU,"[0.3271021842956543, 0.31004592776298523]","[0.11680719256401062, 0.07378086447715759]","[0.12291740626096725, 1.0]"
2,IoU,"[0.3163284659385681, 0.37214621901512146]","[0.12054175138473511, 0.07658988237380981]","[0.1318279355764389, 0.9680851101875305]"
2,IoU,"[0.3050205409526825, 0.4207264482975006]","[0.13513201475143433, 0.07067140936851501]","[0.13112731277942657, 0.9424981474876404]"
2,IoU,"[0.2688712775707245, 0.4147471785545349]","[0.13722500205039978, 0.0709276795387268]","[0.11989185959100723, 0.9819524884223938]"
2,IoU,"[0.2603963017463684, 0.4666570723056793]","[0.1395944356918335, 0.0653531551361084]","[0.11614494025707245, 0.9479805827140808]"
1,HoC + Pose,"[0.26213786005973816, 0.4375668168067932]","[-1.0, 0.08747440576553345]","[0.1130852997303009, 0.978067934513092]"
1,HoC + Pose to start IoU,"[0.3186197578907013, 0.44997772574424744]","[-1.0, 675.0006713867188]","[0.0, 0.0]"
1,IoU,"[0.34914276003837585, 0.41735053062438965]","[0.14644208550453186, 675.16943359375]","[1.0, 0.1321309506893158]"
1,IoU,"[0.38229191303253174, 0.4098457992076874]","[-1.0, 675.2928466796875]","[0.9093653559684753, 0.14234142005443573]"
1,IoU,"[0.37055307626724243, 0.44690296053886414]","[-1.0, 678.0491943359375]","[0.8533169031143188, 0.12515854835510254]"
1,IoU,"[0.42510703206062317, 0.45530641078948975]","[-1.0, 681.9849853515625]","[0.9093424081802368, 0.10588235408067703]"
1,IoU,"[0.4239881932735443, 0.5117095112800598]","[-1.0, 689.121337890625]","[0.875113308429718, 0.10718367993831635]"
1,IoU,"[0.444051593542099, 0.5068520307540894]","[-1.0, -1.0]","[0.9330986142158508, 0.06813205033540726]"
1,IoU,"[0.43053993582725525, 0.5383263826370239]","[-1.0, -1.0]","[0.9388704299926758, 0.0765121653676033]"
1,IoU,"[0.4188133478164673, 0.566070020198822]","[-1.0, -1.0]","[0.9273356199264526, 0.04053299129009247]"
1,IoU,"[0.4143318831920624, 0.612140953540802]","[0.1171862781047821, 694.2171020507812]","[0.9703896641731262, 0.0]"
1,IoU,"[0.4518570601940155, 0.6069886684417725]","[0.11117851734161377, -1.0]","[0.9674596786499023, 0.0]"
1,IoU,"[0.429304838180542, 0.6078528165817261]","[0.10472488403320312, -1.0]","[0.9177846908569336, 0.0]"
1,IoU,"[0.3857494592666626, 0.5627318024635315]","[0.09607946872711182, 700.5946044921875]","[0.8410050868988037, 0.0]"
1,IoU,"[0.40953439474105835, 0.5329737067222595]","[0.07170939445495605, 686.7024536132812]","[0.8201588988304138, 0.0]"
1,HoC + Pose to start IoU,"[0.44825977087020874, 0.5323535799980164]","[0.05220144987106323, -1.0]","[0.7714983224868774, 0.0]"
1,IoU,"[0.47993069887161255, 0.5595541000366211]","[0.030147314071655273, -1.0]","[1.0, 0.0]"
1,IoU,"[0.4517775774002075, 0.5948948264122009]","[0.01776343584060669, -1.0]","[0.961419403553009, 0.0]"
1,IoU,"[0.4690614640712738, 0.5605741739273071]","[0.0181807279586792, -1.0]","[0.9349874258041382, 0.0]"
1,IoU,"[0.37151166796684265, 0.5896434187889099]","[0.025471746921539307, -1.0]","[0.8912703990936279, 0.0]"
1,IoU,"[0.31960150599479675, 0.6175469756126404]","[0.04326477646827698, -1.0]","[0.9464253783226013, 0.0]"
1,IoU,"[0.25428083539009094, 0.6012837290763855]","[0.05941292643547058, -1.0]","[0.9348820447921753, 0.0]"
1,IoU,"[0.24457840621471405, 0.5791245102882385]","[-1.0, -1.0]","[0.8793274760246277, 0.0]"
2,IoU,"[0.5849522948265076, 0.25729799270629883]","[-1.0, -1.0]","[0.0, 0.9474087357521057]"
1,IoU,"[0.2528558373451233, 0.5645363926887512]","[-1.0, -1.0]","[0.9447076320648193, 0.0]"
1,IoU,"[0.2985284924507141, 0.583868145942688]","[-1.0, -1.0]","[0.9029307961463928, 0.0]"
1,IoU,"[0.3021024167537689, 0.59385746717453]","[-1.0, -1.0]","[0.8514431118965149, 0.0]"
2,IoU,"[0.5747484564781189, 0.344478040933609]","[-1.0, -1.0]","[0.0, 0.8478260636329651]"
1,IoU,"[0.35000869631767273, 0.5158936381340027]","[-1.0, 0.049174994230270386]","[0.8711346387863159, 0.0]"
2,IoU,"[0.47871994972229004, 0.40530622005462646]","[0.03769215941429138, -1.0]","[0.0, 0.8195874691009521]"
1,IoU,"[0.37536123394966125, 0.5298421382904053]","[-1.0, 0.025855064392089844]","[0.8503106236457825, 0.0]"
1,IoU,"[0.28869548439979553, 0.4943610727787018]","[0.04492571949958801, -1.0]","[0.9021090865135193, 0.0]"
1,IoU,"[0.21096143126487732, 0.4763142168521881]","[-1.0, -1.0]","[0.8246608376502991, 0.0]"
2,IoU,"[0.48126745223999023, 0.23109373450279236]","[-1.0, -1.0]","[0.005255986005067825, 0.8356958031654358]"
2,IoU,"[0.5072506070137024, 0.23145940899848938]","[-1.0, -1.0]","[0.02894098311662674, 0.89569091796875]"
2,IoU,"[0.507159411907196, 0.22931896150112152]","[-1.0, -1.0]","[0.050510358065366745, 0.9384410381317139]"
2,IoU,"[0.5693137645721436, 0.20611906051635742]","[-1.0, -1.0]","[0.025125671178102493, 0.9075210690498352]"
1,IoU,"[0.21158088743686676, 0.537205696105957]","[-1.0, -1.0]","[0.8655932545661926, 0.016375655308365822]"
1,IoU,"[0.276089072227478, 0.531204879283905]","[-1.0, -1.0]","[0.8397946953773499, 0.027578463777899742, 0.06276269257068634]"
1,IoU,"[0.30058807134628296, 0.5616104602813721]","[0.03731706738471985, -1.0]","[0.8775984644889832, 0.027105707675218582]"
1,IoU,"[0.3195275664329529, 0.5496770143508911]","[0.02271534502506256, -1.0]","[0.8834970593452454, 0.05061333253979683]"
1,IoU,"[0.2973524332046509, 0.5824668407440186]","[0.012525036931037903, -1.0]","[0.8638558387756348, 0.06850083917379379, 0.039681412279605865]"
1,IoU,"[0.20624272525310516, 0.5796452164649963]","[-1.0, -1.0]","[0.8850079774856567, 0.09054126590490341]"
1,IoU,"[0.21151451766490936, 0.5775678753852844]","[-1.0, -1.0]","[0.8422765135765076, 0.11759309470653534]"
1,HoC + Pose to start IoU,"[0.25533103942871094, 0.5608867406845093]","[-1.0, -1.0]","[0.7529708743095398, 0.1303304135799408]"
1,IoU,"[0.24779386818408966, 0.5610645413398743]","[-1.0, -1.0]","[1.0, 0.09414535760879517]"
2,IoU,"[0.5860663652420044, 0.2507365047931671]","[-1.0, -1.0]","[0.09516329318284988, 0.9272266626358032]"
2,IoU,"[0.6346865296363831, 0.20151223242282867]","[-1.0, -1.0]","[0.1148868203163147, 0.907379150390625]"
2,IoU,"[0.598124623298645, 0.26473262906074524]","[-1.0, -1.0]","[0.10734077543020248, 0.8776331543922424]"
3,IoU,"[0.5750957131385803, 0.3029335141181946]","[-1.0, -1.0]","[0.07957985997200012, 0.9233183264732361]"
1,IoU,"[0.3413279056549072, 0.5602038502693176]","[-1.0, -1.0]","[0.9437622427940369, 0.07162648439407349]"
1,IoU,"[0.42872515320777893, 0.5405542850494385]","[0.05215153098106384, -1.0]","[0.9362408518791199, 0.05621423199772835]"
2,IoU,"[0.5275401473045349, 0.3825197219848633]","[0.04375007748603821, -1.0]","[0.0634494349360466, 0.8911287188529968]"
2,IoU,"[0.5719496607780457, 0.305181622505188]","[-1.0, 0.07146608829498291]","[0.07505863904953003, 0.8658604025840759]"
2,IoU,"[0.58009934425354, 0.3024958074092865]","[-1.0, -1.0]","[0.07234635204076767, 0.8925853371620178]"
3,IoU,"[0.5742250084877014, 0.346897691488266]","[-1.0, -1.0]","[0.06023423373699188, 0.9058236479759216]"
3,IoU,"[0.6101693511009216, 0.42884185910224915]","[-1.0, -1.0]","[0.050809696316719055, 0.8847071528434753]"
2,IoU,"[0.6271470189094543, 0.5070387125015259]","[-1.0, -1.0]","[0.026069534942507744, 0.8815873265266418]"
1,IoU,"[0.5271347165107727, 0.5655477046966553]","[-1.0, -1.0]","[0.886560320854187, 0.009129890240728855]"
2,IoU,"[0.5590672492980957, 0.5139376521110535]","[-1.0, -1.0]","[0.007079205941408873, 0.8990058898925781]"
2,IoU,"[0.5390902757644653, 0.5807483196258545]","[-1.0, -1.0]","[0.0, 0.9140093326568604]"
2,IoU,"[0.5340269207954407, 0.5069766044616699]","[-1.0, -1.0]","[0.0, 0.9453577995300293]"
1,IoU,"[0.44892004132270813, 0.5610278844833374]","[-1.0, -1.0]","[0.9294371008872986, 0.0, 0.0]"
2,IoU,"[0.5200421214103699, 0.3810763359069824]","[-1.0, -1.0]","[0.0, 0.9307515621185303]"
2,IoU,"[0.4993706941604614, 0.31691864132881165]","[-1.0, -1.0]","[0.004603487905114889, 0.9467729330062866]"
1,IoU,"[0.2838505506515503, 0.48735761642456055]","[-1.0, -1.0]","[0.965305745601654, 0.010484524071216583]"
1,IoU,"[0.31508874893188477, 0.4684128761291504]","[-1.0, -1.0]","[0.9463236331939697, 0.04613793268799782]"
1,IoU,"[0.39541682600975037, 0.4461822807788849]","[-1.0, -1.0]","[0.9732980132102966, 0.3408069908618927]"
1,IoU,"[0.4451945126056671, 0.493363618850708]","[-1.0, -1.0]","[0.8919709920883179, 0.02022266387939453]"
2,IoU,"[0.5056633353233337, 0.3941514492034912]","[-1.0, -1.0]","[0.04746124520897865, 0.88535076379776]"
3,HoC + Pose to start IoU,"[0.5160011053085327, 0.42946240305900574]","[-1.0, -1.0]","[0.042230475693941116, 0.7613363265991211]"
3,IoU,"[0.5395320057868958, 0.44805648922920227]","[-1.0, -1.0]","[0.020509647205471992, 1.0]"
2,IoU,"[0.5255098938941956, 0.4563860595226288]","[-1.0, -1.0]","[0.026032298803329468, 0.9389447569847107]"
2,IoU,"[0.5608720779418945, 0.482437402009964]","[-1.0, -1.0]","[0.018211605027318, 0.9372637271881104]"
3,IoU,"[0.6227933168411255, 0.5817158222198486]","[-1.0, -1.0]","[0.0010679572587832808, 0.9305118322372437]"
2,IoU,"[0.6121466159820557, 0.5281064510345459]","[-1.0, -1.0]","[0.0, 0.9338678121566772]"
5,IoU,"[0.6555601954460144, 0.6190987825393677]","[-1.0, -1.0]","[0.0, 0.9094835519790649]"
-1,None,[0.6817441582679749],[-1.0],[0.0]
-1,None,[0.7387463450431824],[-1.0],"[0.0, 0.0]"
-1,None,[0.6794186234474182],[-1.0],[0.0]
-1,None,[0.6376703977584839],[-1.0],[0.0]
-1,None,[0.5651119351387024],[-1.0],"[0.0, 0.0]"
-1,None,[0.5333561897277832],[-1.0],"[0.0, 0.0]"
1,HoC + Pose to start IoU,[0.4267120659351349],[-1.0],"[0.0, 0.0]"
1,IoU,[0.40329673886299133],[-1.0],"[1.0, 0.0]"
1,IoU,[0.3857073485851288],[-1.0],[0.9579277634620667]
1,IoU,[0.36772194504737854],[-1.0],[0.9701862931251526]
1,IoU,[0.42355403304100037],[-1.0],[0.9717867970466614]
1,IoU,[0.43763163685798645],[-1.0],[0.969072163105011]
1,IoU,[0.4528703987598419],[-1.0],[0.9617775678634644]
1,IoU,[0.4941083788871765],[-1.0],[0.9186994433403015]
1,IoU,"[0.5989583730697632, 1.227282166481018]","[-1.0, -1.0]","[0.9058029055595398, 0.04672272503376007, 0.0, 0.004831882659345865]"
1,IoU,[0.6260924935340881],[-1.0],[0.8607176542282104]
1,IoU,[0.6458051204681396],[-1.0],"[0.831393301486969, 0.0]"
1,IoU,"[0.7283449172973633, 1.1437311172485352]","[-1.0, -1.0]","[0.8081299662590027, 0.0055568628013134]"
-1,None,[0.7515872716903687],[-1.0],[0.787816047668457]
-1,None,[0.8294264674186707],[-1.0],"[0.0, 0.0]"
-1,None,"[0.7867432832717896, 1.0204968452453613]","[-1.0, -1.0]","[0.0, 0.0]"
-1,None,[0.7645941972732544],[-1.0],[0.0]
-1,None,[0.7507162094116211],[-1.0],[0.0]
-1,None,[0.7122254371643066],[-1.0],[0.0]
-1,None,[0.7192384600639343],[-1.0],[0.0]
-1,None,[0.7152732014656067],[-1.0],[0.0]
-1,None,[0.7145395874977112],[-1.0],[0.0]
-1,None,[0.6978667378425598],[-1.0],[0.0]
-1,None,[0.7033789753913879],[-1.0],[0.0]
-1,None,[0.7276461720466614],[-1.0],[0.0]
-1,None,"[0.6618695259094238, 1.1974447965621948]","[-1.0, -1.0]","[0.0, 0.0]"
-1,None,[0.5455643534660339],[-1.0],[0.0]
-1,None,[0.48139193654060364],[-1.0],[0.0]
-1,None,[0.6029545664787292],[0.055181801319122314],[0.0]
-1,None,[0.6031670570373535],[397.36029052734375],[0.0]
-1,None,[0.598274827003479],[398.8350524902344],[0.0]
-1,None,[0.5990824103355408],[395.2253723144531],[0.0]
-1,None,[0.6026361584663391],[398.4336853027344],[0.0]
-1,None,[0.6018226742744446],[0.05311556160449982],[0.0]
-1,None,[0.590971827507019],[398.0718994140625],[0.0]
-1,None,[0.5825222730636597],[396.7755432128906],[0.0]
-1,None,[0.5828181505203247],[396.0427551269531],[0.0]
-1,None,[0.5859165787696838],[397.1481628417969],[0.0]
-1,None,[0.590790867805481],[398.58148193359375],[0.0]
-1,None,[0.6087654232978821],[395.65252685546875],[0.0]
-1,None,[0.6045204401016235],[0.05053843557834625],[0.0]
-1,None,[0.5979359745979309],[398.9088439941406],[0.0]
-1,None,[0.6036698222160339],[394.9024658203125],[0.0]
-1,None,[0.6046622395515442],[399.004638671875],[0.0]
-1,None,[0.614898681640625],[398.4954528808594],[0.0]
-1,None,[0.5778361558914185],[398.6522521972656],[0.0]
-1,None,[0.6038385629653931],[397.57952880859375],[0.0]
-1,None,[0.6070833802223206],[395.7462463378906],[0.0]
-1,None,[0.6119778752326965],[0.05582045018672943],[0.0]
-1,None,[0.6153988838195801],[0.054384514689445496],[0.0]
-1,None,[0.6198623180389404],[398.3211975097656],[0.0]
-1,None,[0.602749228477478],[397.42181396484375],[0.0]
-1,None,[0.5882606506347656],[0.057027608156204224],[0.0]
-1,None,[0.5955662131309509],[396.2608947753906],[0.0]
-1,None,[0.5967913866043091],[394.9069519042969],[0.0]
-1,None,[0.5917630791664124],[397.3777770996094],[0.0]
-1,None,[0.5884236693382263],[396.5296325683594],[0.0]
-1,None,[0.5980872511863708],[397.8159484863281],[0.0]
-1,None,[0.5897602438926697],[394.7861633300781],[0.0]
-1,None,[0.5864025950431824],[396.1920471191406],[0.0]
-1,None,[0.5940472483634949],[398.0561218261719],[0.0]
-1,None,[0.5913955569267273],[395.45123291015625],[0.0]
-1,None,[0.5995219349861145],[0.05687306821346283],[0.0]
-1,None,[0.6045287251472473],[398.45526123046875],[0.0]
-1,None,[0.6096497774124146],[399.08477783203125],[0.0]
-1,None,[0.6065644025802612],[396.4666748046875],[0.0]
-1,None,[0.6217088103294373],[399.27899169921875],[0.0]
-1,None,[0.6215810775756836],[399.2178649902344],[0.0]
-1,None,[0.5886799693107605],[397.2576904296875],[0.0]
-1,None,[0.5885589122772217],[395.0882873535156],[0.0]
-1,None,[0.5860108733177185],[398.9489440917969],[0.0]
-1,None,[0.5863221287727356],[396.9721374511719],[0.0]
-1,None,[0.6110407114028931],[395.08819580078125],[0.0]
-1,None,[0.5965538620948792],[395.7323913574219],[0.0]
-1,None,[0.6062641739845276],[397.7636413574219],[0.0]
-1,None,[0.5957360863685608],[0.05598798394203186],[0.0]
-1,None,[0.6014947295188904],[395.7809143066406],[0.0]
-1,None,[0.6051998138427734],[398.3453674316406],[0.0]
-1,None,[0.6088020205497742],[397.6710205078125],[0.0]
-1,None,[0.5866792798042297],[396.6701965332031],[0.0]
-1,None,[0.5870792865753174],[394.616943359375],[0.0]
1,HoC + Pose to start IoU,"[0.3525022566318512, 0.30106133222579956]","[0.05860355496406555, 648.752685546875]","[0.0, 0.0]"
1,IoU,"[0.34515461325645447, 0.2987586557865143]","[0.061450958251953125, 653.3076782226562]","[1.0, 0.07095476239919662, 0.0]"
1,IoU,"[0.3400399088859558, 0.2926150858402252, 0.6325430870056152]","[0.05839848518371582, 659.5453491210938, 659.5453491210938]","[0.9979715943336487, 0.06611068546772003, 0.050740595906972885, 0.0]"
1,IoU,"[0.3405623733997345, 0.3034268915653229, 1.065423846244812]","[0.059560611844062805, 0.13435739278793335, 655.4063110351562]","[0.9979674816131592, 0.043917007744312286, 0.011942560784518719, 0.0]"
1,IoU,"[0.3345474600791931, 0.3133672773838043]","[0.05852770805358887, 0.1500992774963379]","[0.9894378185272217, 0.0, 0.031506575644016266]"
1,IoU,"[0.33040541410446167, 0.29971981048583984]","[415.84063720703125, 0.12334421277046204]","[0.9873911738395691, 0.0, 0.025133537128567696]"
1,IoU,"[0.32563450932502747, 0.29032862186431885]","[0.05840715765953064, 0.12629291415214539]","[0.991428554058075, 0.0, 0.02538754977285862]"
1,IoU,"[0.34443938732147217, 0.34594377875328064]","[415.63458251953125, 0.11939018964767456]","[0.9894134998321533, 0.0, 0.02235371433198452]"
1,IoU,"[0.3312995731830597, 0.3950382471084595]","[0.06270444393157959, 695.4468994140625]","[0.9942528605461121, 0.0, 0.017423486337065697]"
1,IoU,"[0.34015417098999023, 0.43242326378822327, 0.7516257762908936]","[414.8322448730469, 691.6888427734375, 203.908447265625]","[0.9873911738395691, 0.0, 0.01479319017380476]"
1,IoU,"[0.36620259284973145, 0.4592631757259369]","[413.84405517578125, 693.633056640625]","[0.9824954867362976, 0.0, 0.010860143229365349]"
1,IoU,"[0.3659289479255676, 0.3751040995121002]","[0.06222200393676758, 649.1334228515625]","[0.9913294911384583, 0.0, 0.005533779039978981]"
1,IoU,"[0.36240458488464355, 0.30354779958724976, 0.7913851141929626]","[0.06339073181152344, 0.11313992738723755, 209.12979125976562]","[0.9857142567634583, 0.0, 0.004214772954583168]"
2,HoC + Pose,"[0.37284865975379944, 0.32364150881767273]","[0.06430253386497498, -1.0]","[0.9690725207328796, 0.0, 0.012408399023115635]"
2,HoC + Pose to start IoU,"[0.3520713448524475, 0.3360198438167572, 1.0399218797683716]","[0.06171640753746033, -1.0, -1.0]","[0.0, 0.0, 0.0]"
3,HoC + Pose,"[0.33891722559928894, 0.9830436706542969, 0.3189847469329834]","[0.06253284215927124, -1.0, -1.0]","[0.0, 1.0, 0.09444312751293182, 0.037384796887636185]"
-1,None,"[0.3688867688179016, 0.3230154812335968, 0.893165111541748, 1.0891270637512207]","[397.0264892578125, 659.5941162109375, 209.3690185546875, -1.0]","[0.0, 0.0, 0.0, 0.0]"
1,HoC + Pose to start IoU,"[0.3707953989505768, 0.31267988681793213, 0.7181557416915894, 1.2893260717391968]","[0.0703938752412796, 659.1566162109375, 215.2270050048828, 215.2270050048828]","[0.0, 0.0, 0.0]"
1,IoU,"[0.38312283158302307, 0.3368210792541504, 0.7285290360450745]","[382.6424865722656, 657.3826904296875, 221.32981872558594]","[1.0, 0.0029414331074804068, 0.010204499587416649]"
1,IoU,"[0.3909566402435303, 0.3360865116119385, 0.7167627811431885]","[375.7344055175781, 213.60682678222656, 213.60682678222656]","[0.9862521290779114, 0.0, 0.0, 0.0]"
1,IoU,"[0.3973482847213745, 0.34255415201187134, 0.6519935131072998, 0.6593552827835083]","[0.07502280175685883, 670.402587890625, 670.402587890625, 670.402587890625]","[0.9622560143470764, 0.0, 0.0]"
1,IoU,"[0.40941956639289856, 0.3573949337005615, 0.6916783452033997]","[369.0709228515625, 666.568603515625, 666.568603515625]","[0.9618611335754395, 0.0]"
1,IoU,"[0.3953685164451599, 0.31851643323898315]","[365.0401611328125, 649.7158203125]","[0.9428174495697021, 0.0]"
1,IoU,"[0.44348621368408203, 0.3360852897167206]","[353.6512145996094, 657.458984375]","[0.9218613505363464, 0.0]"
1,IoU,"[0.42103517055511475, 0.3227904736995697]","[352.6433410644531, 655.8711547851562]","[0.9126762747764587, 0.0]"
2,IoU,"[0.4203070402145386, 0.3377595543861389]","[0.08534175157546997, 656.3848876953125]","[0.0, 0.9124902486801147]"
1,HoC + Pose,"[0.3461301028728485, 0.4231443405151367]","[0.08116963505744934, 0.08450089395046234]","[0.0, 0.9107123017311096]"
1,HoC + Pose to start IoU,"[0.32876670360565186, 0.4094848334789276]","[0.08719664812088013, 370.1235046386719]","[0.0, 0.0]"
1,IoU,"[0.37831562757492065, 0.3332119584083557]","[384.0224609375, 663.1887817382812]","[1.0, 0.0]"
1,IoU,"[0.33627501130104065, 0.3956772983074188]","[651.046142578125, 413.0124816894531]","[0.9857819676399231, 0.0]"
1,IoU,"[0.3399401605129242, 0.40560463070869446]","[650.6481323242188, 436.90936279296875]","[0.9719626307487488, 0.0]"
1,IoU,"[0.3440466821193695, 0.3791767656803131]","[650.0568237304688, 461.11297607421875]","[0.9751614332199097, 0.0]"
1,IoU,"[0.37030288577079773, 0.39391088485717773]","[650.5114135742188, 462.1108703613281]","[0.9674665927886963, 0.0]"
1,IoU,"[0.3913826644420624, 0.38985174894332886]","[651.7026977539062, 486.8720703125]","[0.9399899840354919, 0.0]"
1,IoU,"[0.36753788590431213, 0.33872491121292114]","[662.0280151367188, 519.8576049804688]","[0.9479124546051025, 0.0]"
1,IoU,"[0.33122313022613525, 0.31017786264419556]","[654.1012573242188, 523.5471801757812]","[0.9375426173210144, 0.0]"
1,IoU,"[0.317939430475235, 0.3089335262775421]","[651.3488159179688, 535.7748413085938]","[0.9764161705970764, 0.0]"
1,IoU,"[0.315020352602005, 0.3091543912887573]","[671.9146118164062, 572.5325317382812]","[0.9603027105331421, 0.0]"
1,IoU,"[0.2970988154411316, 0.3220367133617401]","[676.6475830078125, 586.9013061523438]","[0.9453564286231995, 0.0]"
1,IoU,"[0.2853403687477112, 0.33203423023223877]","[671.5540771484375, 0.03329169750213623]","[0.941588282585144, 0.0, 0.0]"
2,IoU,"[0.25344279408454895, 0.31864115595817566, 0.926131546497345]","[0.11395987868309021, 595.1904296875, -1.0]","[0.0, 0.9466469287872314, 0.0]"
2,IoU,"[0.3107166588306427, 0.24624444544315338, 0.8926222324371338]","[0.03888729214668274, 655.3160400390625, -1.0]","[0.0, 0.9519120454788208, 0.0, 0.056063033640384674]"
2,IoU,"[0.31847283244132996, 0.2523048520088196, 0.9511919021606445, 1.1186953783035278]","[0.03939500451087952, 0.08559733629226685, -1.0, 652.6316528320312]","[0.0, 0.9640394449234009, 0.0, 0.0]"
2,HoC + Pose,"[0.3094412386417389, 0.23951859772205353, 1.0204190015792847, 0.8619440793991089]","[0.04262036085128784, 0.09266826510429382, -1.0, -1.0]","[0.9826018810272217, 0.0, 0.0, 0.0]"
2,HoC + Pose to start IoU,"[0.28385451436042786, 0.2901206314563751, 0.9888039231300354, 0.9109171628952026]","[0.10770723223686218, 0.04867750406265259, -1.0, 0.12725363671779633]","[0.0, 0.0, 0.0, 0.0]"
2,IoU,"[0.326507031917572, 0.30162322521209717, 1.0284427404403687, 0.884349524974823]","[0.11798697710037231, 623.8308715820312, -1.0, -1.0]","[0.006687117740511894, 1.0, 0.0]"
2,IoU,"[0.35220152139663696, 0.30515527725219727, 1.0794751644134521]","[0.11516240239143372, 0.04838520288467407, -1.0]","[0.019782960414886475, 0.9596412777900696, 0.0]"
2,IoU,"[0.36296528577804565, 0.30690422654151917, 1.0758148431777954]","[0.1176224946975708, 0.04812133312225342, -1.0]","[0.031166478991508484, 0.8759332299232483, 0.0]"
3,IoU,"[0.38651615381240845, 0.3110602796077728, 1.0506484508514404]","[0.11529260873794556, 627.6022338867188, -1.0]","[0.059349820017814636, 0.8595535755157471, 0.0]"
2,IoU,"[0.39874887466430664, 0.3196896016597748, 1.1173957586288452]","[0.12165826559066772, 623.9824829101562, -1.0]","[0.08096403628587723, 0.9325411319732666, 0.0]"
2,IoU,"[0.4025174379348755, 0.33364617824554443, 1.1435792446136475]","[0.12762010097503662, 634.9976196289062, -1.0]","[0.08406911045312881, 0.9422141313552856]"
2,IoU,"[0.426403671503067, 0.3681431710720062]","[0.12937146425247192, 0.062195539474487305]","[0.08612063527107239, 0.9743757843971252]"
2,IoU,"[0.4049440324306488, 0.39688241481781006]","[-1.0, 0.056203991174697876]","[0.10208582133054733, 0.9581304788589478]"
2,IoU,"[0.3957376182079315, 0.4295881986618042]","[0.14449715614318848, 638.1754760742188]","[0.12103816866874695, 0.9239515662193298]"
2,IoU,"[0.4152154326438904, 0.4496265947818756]","[0.14515209197998047, 635.937744140625]","[0.126807302236557, 0.9249311685562134]"
3,IoU,"[0.44041168689727783, 0.4637988209724426]","[0.13278305530548096, 636.9617919921875]","[0.14400410652160645, 0.8766013383865356]"
2,IoU,"[0.4625244438648224, 0.5049079656600952]","[0.15055835247039795, 0.06326040625572205]","[0.1485925018787384, 0.8888872265815735]"
3,IoU,"[0.47177693247795105, 0.5581980347633362]","[-1.0, 0.07104271650314331]","[0.1776602566242218, 0.8699676990509033]"
3,IoU,"[0.5080729722976685, 0.6078139543533325]","[-1.0, 0.06978723406791687]","[0.1851067990064621, 0.8472588658332825]"
3,IoU,"[0.47077107429504395, 0.6203376650810242]","[-1.0, 668.588623046875]","[0.23963278532028198, 0.8460334539413452]"
3,IoU,"[0.4635559916496277, 0.6199439167976379]","[-1.0, 661.8466796875]","[0.25504744052886963, 0.8484794497489929]"
1,HoC + Pose,"[0.4460538625717163, 0.5926021933555603]","[-1.0, 0.06937593221664429]","[0.2955854833126068, 0.8058204650878906]"
1,HoC + Pose to start IoU,"[0.44867178797721863, 0.567671537399292]","[-1.0, 658.8706665039062]","[0.0, 0.0, 0.0]"
1,IoU,"[0.47483912110328674, 0.5848294496536255, 0.8026562333106995]","[-1.0, -1.0, -1.0]","[1.0, 0.28313934803009033, 0.16512687504291534]"
1,IoU,"[0.4625524878501892, 0.5256780385971069, 0.8995367288589478]","[-1.0, -1.0, -1.0]","[0.8994684815406799, 0.18466632068157196, 0.2546996772289276]"
1,IoU,"[0.4221188426017761, 0.7439519166946411, 0.5024390816688538]","[0.16074258089065552, -1.0, 687.6793212890625]","[0.9056257605552673, 0.2907971143722534, 0.19905896484851837]"
1,IoU,"[0.4131825268268585, 0.45027440786361694, 0.7051505446434021]","[0.16736575961112976, 697.1258544921875, -1.0]","[0.9484536051750183, 0.3052769601345062, 0.17770816385746002]"
1,IoU,"[0.38551026582717896, 0.42755043506622314, 0.8177905082702637]","[-1.0, -1.0, -1.0]","[0.9501779079437256, 0.28642141819000244, 0.17558106780052185]"
1,IoU,"[0.3899337351322174, 0.42573508620262146, 0.8557651042938232]","[-1.0, -1.0, -1.0]","[0.9615200161933899, 0.27264565229415894, 0.17940060794353485]"
1,IoU,"[0.38436853885650635, 0.40673428773880005, 0.8373594284057617]","[-1.0, -1.0, -1.0]","[0.9731214046478271, 0.2836219072341919, 0.18807585537433624]"
1,IoU,"[0.4139038324356079, 0.4419366717338562, 0.8566914796829224]","[-1.0, -1.0, -1.0]","[0.9653058648109436, 0.299588680267334, 0.2008427530527115]"
1,IoU,"[0.4096677005290985, 0.462165504693985, 0.8765885829925537]","[-1.0, -1.0, -1.0]","[0.9565921425819397, 0.2913402318954468, 0.19131086766719818]"
1,HoC + Pose,"[0.3904689848423004, 0.45604726672172546, 0.8366633057594299]","[-1.0, -1.0, -1.0]","[0.9110175967216492, 0.2864377498626709, 0.1839311122894287]"
2,HoC + Pose to start IoU,"[0.40295112133026123, 0.45167115330696106, 0.8223256468772888]","[-1.0, -1.0, -1.0]","[0.0, 0.0, 0.0]"
2,IoU,"[0.3587273955345154, 0.44733357429504395, 0.7865768074989319]","[-1.0, -1.0, -1.0]","[1.0, 0.30910953879356384, 0.20649321377277374]"
2,IoU,"[0.367936909198761, 0.5612565279006958, 0.8294785022735596]","[-1.0, -1.0, -1.0]","[0.9122764468193054, 0.3268395960330963, 0.23326142132282257]"
2,IoU,"[0.3651580512523651, 0.5455008745193481, 0.7398459911346436]","[-1.0, -1.0, -1.0]","[0.875553548336029, 0.2830840051174164]"
2,IoU,"[0.36351579427719116, 0.6636695861816406]","[-1.0, -1.0]","[0.8573620915412903, 0.3436155915260315, 0.2978050410747528]"
2,HoC + Pose,"[0.40162113308906555, 0.5937349796295166, 0.7436984777450562]","[-1.0, -1.0, -1.0]","[0.9448850750923157, 0.19902688264846802, 0.1387309581041336]"
1,HoC + Pose to start IoU,"[0.4164758026599884, 0.7703446745872498, 0.9039532542228699]","[-1.0, -1.0, -1.0]",[0.0]
1,IoU,[0.3591887354850769],[-1.0],[1.0]
1,IoU,[0.3263189494609833],[-1.0],[0.9382070302963257]
1,IoU,[0.3650795817375183],[-1.0],[0.906241238117218]
1,IoU,[0.36676225066185],[-1.0],[0.8885284066200256]
1,IoU,[0.3359028100967407],[-1.0],[0.9408610463142395]
1,IoU,[0.32417407631874084],[-1.0],"[0.943359375, 0.158697709441185]"
1,IoU,"[0.33036425709724426, 0.8177075982093811]","[-1.0, -1.0]","[0.8406699299812317, 0.457379549741745, 0.26515746116638184]"
1,IoU,"[0.2683567404747009, 0.3518960475921631, 0.40562450885772705]","[-1.0, -1.0, -1.0]","[0.8445416688919067, 0.36085763573646545, 0.15850138664245605]"
1,HoC + Pose,"[0.19162721931934357, 0.31799936294555664, 0.358339786529541]","[-1.0, 654.4786376953125, 0.06530514359474182]","[0.30268770456314087, 0.8748322129249573]"
3,HoC + Pose to start IoU,"[0.3507062792778015, 0.18226295709609985]","[667.8347778320312, -1.0]","[0.0, 0.0, 0.0]"
1,HoC + Pose to start IoU,"[0.1689298152923584, 0.3101039528846741]","[-1.0, 656.4812622070312]","[0.0, 0.0, 0.0]"
1,IoU,"[0.1545875072479248, 0.3098922371864319]","[-1.0, 650.99365234375]","[1.0, 0.10925644636154175]"
1,IoU,"[0.18799373507499695, 0.35106396675109863]","[0.14983141422271729, 647.0115356445312]","[0.9185947775840759, 0.11781163513660431]"
1,IoU,"[0.20196446776390076, 0.42568373680114746]","[0.1331501007080078, 654.0145874023438]","[0.8857110738754272, 0.09888705611228943, 0.0]"
1,IoU,"[0.20917651057243347, 0.44384318590164185]","[0.12266138195991516, -1.0]","[0.9226623773574829, 0.08209067583084106, 0.0]"
1,IoU,"[0.18139168620109558, 0.42529231309890747]","[0.11472165584564209, 671.5808715820312]","[0.9097996950149536, 0.061002425849437714, 0.0, 0.0]"
1,IoU,"[0.17914460599422455, 0.4238429665565491]","[0.11620110273361206, 0.08815592527389526]","[0.8856903910636902, 0.03396686166524887, 0.0, 0.0]"
1,IoU,"[0.1911420077085495, 0.4248639643192291, 1.335074543952942, 1.3573778867721558]","[0.10713571310043335, 684.6378173828125, 684.6378173828125, 684.6378173828125]","[0.8757097721099854, 0.0, 0.0, 0.0, 0.0]"
1,IoU,"[0.19281187653541565, 0.43522852659225464, 1.2881689071655273, 1.301460862159729, 0.8558199405670166]","[0.10264775156974792, 685.5658569335938, 685.5658569335938, 685.5658569335938, 685.5658569335938]","[0.9351459741592407, 0.0, 0.0, 0.0]"
2,IoU,"[0.1884107142686844, 0.44163447618484497, 1.2660375833511353]","[0.10002687573432922, 0.09286767244338989, 682.5345458984375]","[0.0, 0.943149983882904, 0.0, 0.0, 0.0]"
2,IoU,"[0.4507655203342438, 0.16975030303001404, 1.212340235710144, 0.7825397253036499]","[0.09496018290519714, 0.08267930150032043, 671.9734497070312, 671.9734497070312]","[0.0, 0.9446345567703247, 0.0, 0.0]"
2,IoU,"[0.4625866711139679, 0.1614343225955963, 1.1759077310562134, 1.168134093284607]","[0.10333630442619324, 0.06919339299201965, 680.3534545898438, 680.3534545898438]","[0.0, 0.9447033405303955, 0.0, 0.0]"
2,IoU,"[0.45173582434654236, 0.16279816627502441, 1.1509172916412354, 1.263635516166687]","[0.09733876585960388, -1.0, 675.9981689453125, 675.9981689453125]","[0.0, 0.8763665556907654, 0.0]"
2,IoU,"[0.467663049697876, 0.1542549729347229, 1.2713253498077393]","[0.10275247693061829, 0.05873093008995056, 677.504150390625]","[0.0, 0.8701624274253845, 0.0]"
2,IoU,"[0.4544760286808014, 0.1793203502893448, 1.2775055170059204]","[0.0975540280342102, 0.05165049433708191, 682.260498046875]","[0.0, 0.9366652965545654, 0.0]"
2,IoU,"[0.47891539335250854, 0.19433173537254333, 1.2764627933502197]","[0.09925144910812378, 0.04711806774139404, 680.65625]","[0.0, 0.9416510462760925, 0.0]"
2,IoU,"[0.4754273593425751, 0.18605642020702362, 1.291955828666687]","[680.2424926757812, 0.04032325744628906, 680.2424926757812]","[0.0, 0.9581918120384216]"
2,HoC + Pose,"[0.48288390040397644, 0.19750913977622986]","[675.3487548828125, 0.035600125789642334]","[0.9666779041290283, 0.0]"
-1,None,"[0.22080247104167938, 0.5070698857307434]","[530.5634155273438, 669.7398681640625]","[0.0, 0.0]"
-1,None,"[0.2291877120733261, 0.4980989098548889]","[529.4485473632812, 670.5933837890625]","[0.0, 0.0, 0.0]"
-1,None,"[0.49182116985321045, 0.24104344844818115, 1.2660671472549438]","[0.09828802943229675, 528.2047729492188, 684.7828979492188]","[0.0, 0.0, 0.0]"
-1,None,"[0.24107879400253296, 0.5141391158103943, 1.2492892742156982]","[516.6356201171875, 675.1856689453125, 675.1856689453125]","[0.0, 0.0]"
-1,None,"[0.5255948901176453, 0.22245433926582336]","[655.21044921875, 515.5379638671875]","[0.0, 0.0]"
-1,None,"[0.21025678515434265, 0.5327085256576538]","[509.5587463378906, 650.6460571289062]","[0.0, 0.0]"
-1,None,"[0.22396066784858704, 0.5349474549293518]","[509.4565124511719, 0.06948792934417725]","[0.0, 0.0, 0.0]"
-1,None,"[0.5269715189933777, 0.2275134027004242, 1.2621581554412842]","[654.6712646484375, 515.7529296875, 654.6712646484375]","[0.0, 0.0, 0.0, 0.0]"
-1,None,"[0.5280935764312744, 0.23852157592773438, 1.3656548261642456, 1.3626714944839478]","[0.06760993599891663, 426.1279602050781, 646.4910278320312, 646.4910278320312]","[0.0, 0.0, 0.0]"
-1,None,"[0.5007916688919067, 0.25163066387176514, 1.3168572187423706]","[639.6092529296875, 497.2840881347656, 639.6092529296875]","[0.0, 0.0, 0.0, 0.0]"
-1,None,"[0.2585047483444214, 0.4926925301551819, 0.8779227137565613, 1.2264795303344727]","[503.60015869140625, 641.2276611328125, 641.2276611328125, 641.2276611328125]","[0.0, 0.0]"
-1,None,"[0.25247570872306824, 0.46990767121315]","[474.83892822265625, 0.043256938457489014]","[0.0, 0.0, 0.0]"
-1,None,"[0.25896891951560974, 0.4702287018299103]","[471.4919128417969, 628.7426147460938]","[0.0, 0.0]"
-1,None,"[0.24410472810268402, 0.4696640372276306]","[489.1979064941406, 0.02932634949684143]","[0.0, 0.0]"
-1,None,"[0.26782017946243286, 0.46449682116508484]","[504.4862365722656, 620.7490234375]","[0.0, 0.0]"
-1,None,"[0.2722339928150177, 0.4661692678928375]","[510.3031921386719, 618.363525390625]","[0.0, 0.0]"
-1,None,"[0.2824329435825348, 0.46468302607536316]","[506.5914306640625, 616.7706909179688]","[0.0, 0.0]"
-1,None,"[0.4847389757633209, 0.287783145904541]","[0.02560463547706604, 517.4653930664062]","[0.0, 0.0]"
-1,None,"[0.28911784291267395, 0.49044397473335266]","[524.3250732421875, 0.02277812361717224]","[0.0, 0.0]"
-1,None,"[0.2920273244380951, 0.49424511194229126]","[526.2923583984375, 605.7990112304688]","[0.0, 0.0]"
-1,None,"[0.27321743965148926, 0.5115039348602295]","[531.6751098632812, 603.2808227539062]","[0.0, 0.0]"
-1,None,"[0.4944031536579132, 0.29541563987731934]","[600.081298828125, 539.2361450195312]","[0.0, 0.0]"
-1,None,"[0.4941118359565735, 0.3123355507850647]","[595.4154663085938, 534.4923095703125]","[0.0, 0.0]"
-1,None,"[0.3468438982963562, 0.49397698044776917]","[549.6837768554688, 593.3277587890625]","[0.0, 0.0]"
-1,None,"[0.5009610056877136, 0.3480653762817383]","[0.0089799165725708, 551.8167114257812]","[0.0, 0.0, 0.0]"
1,HoC + Pose to start IoU,"[0.2977023124694824, 0.5036635994911194]","[0.02402167022228241, 591.81591796875]","[0.0, 0.0, 0.0]"
2,HoC + Pose,"[0.5026794672012329, 0.283787339925766]","[582.904052734375, 0.021701693534851074]","[1.0, 0.0, 0.0]"
1,HoC + Pose to start IoU,"[0.2709214985370636, 0.5256040692329407]","[0.015983089804649353, 579.7301635742188]","[0.0, 0.0]"
1,IoU,"[0.2268955260515213, 0.5365794897079468]","[0.014054462313652039, 580.7922973632812]","[1.0, 0.0, 0.0]"
1,IoU,"[0.19082169234752655, 0.51263028383255, 1.1920716762542725]","[0.012992635369300842, 581.123779296875, 581.123779296875]","[0.9354004263877869, 0.0]"
1,IoU,"[0.16327428817749023, 0.5189496278762817]","[0.01081693172454834, 575.3377685546875]","[0.9179710745811462, 0.0]"
1,IoU,"[0.12466399371623993, 0.5267852544784546]","[0.0085478276014328, 0.006955146789550781]","[0.932567298412323, 0.0]"
1,IoU,"[0.13929837942123413, 0.4785533845424652]","[0.0005279779434204102, 569.2154541015625]","[0.9147212505340576, 0.0]"
1,IoU,"[0.11251018941402435, 0.4974703788757324]","[0.007900327444076538, 567.3412475585938]","[0.9286761283874512, 0.0]"
2,IoU,"[0.098630890250206, 0.49847930669784546]","[537.04345703125, 565.5285034179688]","[0.0, 0.9551944136619568]"
2,IoU,"[0.5166587829589844, 0.09649698436260223]","[564.925537109375, 547.8233032226562]","[0.0, 0.9760425686836243]"
2,HoC + Pose,"[0.48350974917411804, 0.11618796736001968]","[562.4241333007812, 0.01658014953136444]","[0.9714229106903076, 0.0]"
-1,None,"[0.10756848007440567, 0.5064842104911804]","[530.8902587890625, 567.2244873046875]","[0.0, 0.0]"
-1,None,"[0.09528262168169022, 0.5022973418235779]","[526.4534912109375, 566.0120849609375]","[0.0, 0.0]"
-1,None,"[0.09415531158447266, 0.5201213955879211]","[514.4649047851562, 558.388671875]","[0.0, 0.0]"
1,HoC + Pose to start IoU,"[0.09048830717802048, 0.5176427960395813]","[0.037109240889549255, 558.54833984375]","[0.0, 0.0, 0.0]"
1,IoU,"[0.09006714075803757, 0.5104032754898071, 1.241265892982483]","[0.0409216433763504, 564.7626953125, 564.7626953125]","[1.0, 0.0]"
2,HoC + Pose,"[0.5181307792663574, 0.08174674212932587]","[564.3280029296875, 0.0458189994096756]","[0.9549180269241333, 0.0]"
-1,None,"[0.5179558396339417, 0.08098043501377106]","[566.9967041015625, 488.6669921875]","[0.0, 0.0]"
-1,None,"[0.49936339259147644, 0.09806489944458008]","[559.8839721679688, 494.3973388671875]","[0.0, 0.0]"
-1,None,"[0.4979442358016968, 0.1081533208489418]","[562.489990234375, 488.5389709472656]","[0.0, 0.0, 0.0]"
1,HoC + Pose to start IoU,"[0.1316797286272049, 0.5282923579216003, 1.2475866079330444]","[0.047338977456092834, 0.009868055582046509, 570.4193115234375]","[0.0, 0.0, 0.0]"
1,IoU,"[0.5255199670791626, 0.12018870562314987, 1.223240852355957]","[573.2398071289062, 483.51800537109375, 573.2398071289062]","[1.0, 0.0, 0.0662904903292656]"
1,IoU,"[0.520397424697876, 0.11739645153284073, 1.3199703693389893]","[572.076904296875, 486.71051025390625, 572.076904296875]","[0.9488998651504517, 0.0, 0.07480242103338242]"
1,IoU,"[0.5159074068069458, 0.1225990504026413, 1.2969768047332764]","[566.14599609375, 486.05706787109375, 566.14599609375]","[0.9249460697174072, 0.0, 0.07392212748527527]"
1,IoU,"[0.5307265520095825, 0.10918666422367096, 1.345333456993103]","[570.87255859375, 483.0763854980469, 570.87255859375]","[0.8728835582733154, 0.0]"
1,IoU,"[0.5352371335029602, 0.12252138555049896]","[567.532958984375, 471.41461181640625]","[0.8849039673805237, 0.0]"
1,IoU,"[0.5165724158287048, 0.10973719507455826]","[564.2948608398438, 466.22686767578125]","[0.9007505774497986, 0.0]"
1,IoU,"[0.5213649868965149, 0.08335845917463303]","[561.2747802734375, 448.5715026855469]","[0.9042408466339111, 0.0]"
1,IoU,"[0.5353178381919861, 0.09848388284444809]","[560.0255126953125, 424.0009460449219]","[0.9698697328567505, 0.0]"
2,HoC + Pose,"[0.5527648329734802, 0.11246107518672943]","[557.1017456054688, 0.0719875693321228]","[0.9893759489059448, 0.0]"
-1,None,"[0.5490125417709351, 0.14773112535476685]","[556.2852172851562, 422.19952392578125]","[0.0, 0.0]"
-1,None,"[0.17910490930080414, 0.5505425930023193]","[426.84002685546875, 556.3533325195312]","[0.0, 0.0]"
-1,None,"[0.17605584859848022, 0.538119912147522]","[430.470703125, 556.0956420898438]","[0.0, 0.0]"
-1,None,"[0.5561923384666443, 0.18822190165519714]","[0.01745949685573578, 434.2976989746094]","[0.0, 0.0, 0.0]"
-1,None,"[0.5505656599998474, 0.2104078084230423]","[556.5411987304688, 435.2258605957031]","[0.0, 0.0, 0.0]"
-1,None,"[0.5427153706550598, 0.23733389377593994]","[555.5352172851562, 421.5425109863281]","[0.0, 0.0]"
-1,None,"[0.5479753613471985, 0.27139049768447876]","[556.5841674804688, 418.7624206542969]","[0.0, 0.0]"
2,HoC + Pose to start IoU,"[0.5502437353134155, 0.25983113050460815]","[558.8003540039062, 0.08261434733867645]","[0.0, 0.0]"
2,IoU,"[0.5554483532905579, 0.24560903012752533]","[555.7024536132812, 0.08303011953830719]","[0.03161032497882843, 1.0]"
2,IoU,"[0.5549589991569519, 0.22407153248786926]","[556.25927734375, 0.08213141560554504]","[0.06839112937450409, 0.9643730521202087]"
2,IoU,"[0.4967612624168396, 0.22600699961185455]","[554.93896484375, 0.08215276896953583]","[0.0757061317563057, 0.9401897192001343]"
2,IoU,"[0.5082303285598755, 0.20677265524864197]","[553.1282348632812, 419.2490234375]","[0.07182935625314713, 0.9516915082931519]"
2,IoU,"[0.514204204082489, 0.19656993448734283]","[559.4700317382812, 0.08411747217178345]","[0.06549296528100967, 0.9769185185432434]"
2,IoU,"[0.5279108881950378, 0.2108907550573349]","[557.580078125, 0.0858607143163681]","[0.0644053965806961, 0.9701611995697021]"
2,IoU,"[0.5202924609184265, 0.18051376938819885]","[556.4117431640625, 0.0844939649105072]","[0.060260724276304245, 0.9763396978378296]"
2,IoU,"[0.511221170425415, 0.15957072377204895]","[558.7275390625, 0.08429041504859924]","[0.054416075348854065, 0.9873573780059814]"
2,IoU,"[0.5051903128623962, 0.1659223437309265]","[557.5673828125, 0.08373668789863586]","[0.05232203006744385, 0.9829045534133911]"
2,IoU,"[0.5042741894721985, 0.17820274829864502]","[556.8281860351562, 388.123046875]","[0.05204080790281296, 0.9783385396003723]"
2,IoU,"[0.4901135563850403, 0.1747625172138214]","[555.5540161132812, 0.09026184678077698]","[0.05399692803621292, 0.9275943636894226]"
2,IoU,"[0.5064083933830261, 0.19044172763824463]","[554.213623046875, 0.09572261571884155]","[0.055347006767988205, 0.8991535305976868]"
2,IoU,"[0.4978010654449463, 0.21469774842262268]","[556.9366455078125, 0.09966158866882324]","[0.04682425782084465, 0.9150353074073792]"
2,IoU,"[0.5176306962966919, 0.22671018540859222]","[556.4830932617188, 0.10213819891214371]","[0.042864784598350525, 0.9195070862770081]"
2,IoU,"[0.5233230590820312, 0.2542321979999542]","[557.8427124023438, 0.10369303822517395]","[0.04192798584699631, 0.9403397440910339, 0.0]"
2,IoU,"[0.5112253427505493, 0.2775467336177826]","[558.112060546875, 0.10502752661705017]","[0.03856218233704567, 0.9353820085525513]"
2,IoU,"[0.522386908531189, 0.2845187485218048]","[556.3220825195312, 0.1060890257358551]","[0.03139782324433327, 0.9739316701889038]"
2,IoU,"[0.5301632881164551, 0.30429092049598694]","[559.799560546875, 0.10595905780792236]","[0.022927863523364067, 0.9911980628967285]"
2,IoU,"[0.5215845704078674, 0.2982470393180847]","[555.4578247070312, 0.10772442817687988]","[0.0163868460804224, 0.967419445514679]"
2,IoU,"[0.4981749653816223, 0.3026619851589203]","[556.3327026367188, 0.10803915560245514]","[0.013083185069262981, 0.9369769096374512]"
2,IoU,"[0.5050551295280457, 0.32274332642555237]","[556.3442993164062, 330.3204040527344]","[0.009769153781235218, 0.9409361481666565]"
2,IoU,"[0.519944965839386, 0.3384701907634735]","[559.013916015625, 325.426025390625]","[0.014715686440467834, 0.9517066478729248, 0.0]"
2,IoU,"[0.5166829824447632, 0.3452577292919159]","[554.0657958984375, 318.58074951171875]","[0.02099214866757393, 0.942858874797821]"
2,IoU,"[0.5182086229324341, 0.3653532862663269]","[558.0678100585938, 318.4852294921875]","[0.017650848254561424, 0.9342111945152283, 0.0]"
2,IoU,"[0.5167143940925598, 0.36510416865348816]","[555.4442749023438, 0.11716168373823166]","[0.01605190709233284, 0.9556078314781189]"
2,IoU,"[0.508073091506958, 0.3524547815322876]","[558.5494384765625, 0.11826922744512558]","[0.019395770505070686, 0.9622699618339539]"
2,IoU,"[0.503711462020874, 0.3399891257286072]","[556.8876953125, 0.11797687411308289]","[0.019157879054546356, 0.9430359601974487]"
2,IoU,"[0.5060082077980042, 0.3322828710079193]","[557.9998779296875, 0.11840327084064484]","[0.020877107977867126, 0.9456960558891296]"
2,IoU,"[0.5230907201766968, 0.36490634083747864]","[556.6568603515625, 0.11692391335964203]","[0.021002164110541344, 0.958543598651886]"
2,IoU,"[0.5270090699195862, 0.37536123394966125]","[553.46533203125, 0.11813559383153915]","[0.019077615812420845, 0.9629233479499817]"
2,IoU,"[0.5104794502258301, 0.36322659254074097]","[0.022613614797592163, 315.2230224609375]","[0.020566584542393684, 0.9821665287017822, 0.0]"
2,IoU,"[0.51289963722229, 0.36304306983947754]","[555.5497436523438, 0.11928315460681915]","[0.017586231231689453, 0.9472494125366211]"
2,IoU,"[0.4955853521823883, 0.37701416015625]","[553.341796875, 0.11680364608764648]","[0.014584739692509174, 0.9451872706413269]"
2,IoU,"[0.4875391125679016, 0.40730467438697815]","[553.1519775390625, 323.20452880859375]","[0.0, 0.9079745411872864]"
2,IoU,"[0.48561394214630127, 0.3882039785385132]","[551.7758178710938, 316.0323791503906]","[0.0, 0.9413430094718933]"
2,IoU,"[0.48352962732315063, 0.33882811665534973]","[0.01595732569694519, 323.0102233886719]","[0.0, 0.9589720368385315]"
1,IoU,"[0.47231999039649963, 0.28097930550575256]","[553.3128051757812, 0.11563841253519058]","[0.9515767097473145, 0.0]"
2,IoU,"[0.2831253111362457, 0.4963955879211426]","[0.11582747846841812, 555.03515625]","[0.0, 0.9417629837989807]"
2,IoU,"[0.4953937828540802, 0.257491797208786]","[555.2340087890625, 0.11506283283233643]","[0.0, 0.9019442200660706]"
2,IoU,"[0.5135085582733154, 0.23445570468902588]","[554.2691650390625, 0.11553443968296051]","[0.0, 0.883769690990448]"
2,IoU,"[0.5140342712402344, 0.2455710470676422]","[555.32275390625, 0.11504661291837692]","[0.0, 0.8034186363220215]"
2,IoU,"[0.5322144627571106, 0.23387984931468964]","[555.9857788085938, 0.11564722657203674]","[0.0, 0.8152928352355957]"
2,IoU,"[0.551913857460022, 0.2323533594608307]","[555.6223754882812, 0.11674564331769943]","[0.0, 0.8419657349586487]"
2,IoU,"[0.5555323362350464, 0.24777904152870178]","[554.2066040039062, 0.11825893074274063]","[0.0, 0.8779663443565369]"
2,IoU,"[0.5568318367004395, 0.28601834177970886]","[554.4497680664062, 0.11876921355724335]","[0.0, 0.9033976197242737]"
2,IoU,"[0.5514016151428223, 0.31875619292259216]","[556.0122680664062, 0.11966456472873688]","[0.0, 0.9591249227523804]"
2,IoU,"[0.5621229410171509, 0.32666608691215515]","[554.4005126953125, 0.11761024594306946]","[0.0, 0.9263517260551453]"
-1,None,"[0.5809776186943054, 0.34454345703125]","[553.8917236328125, 327.9295349121094]","[0.0, 0.0]"
-1,None,"[0.5918378829956055, 0.3652277886867523]","[550.0746459960938, 333.2922058105469]","[0.0, 0.0]"
-1,None,"[0.5923084020614624, 0.34881162643432617]","[549.9778442382812, 0.11241479218006134]","[0.0, 0.0]"
-1,None,"[0.5841967463493347, 0.3820560574531555]","[548.4507446289062, 0.11315829306840897]","[0.0, 0.0]"
-1,None,"[0.5729278326034546, 0.3643065392971039]","[549.5139770507812, 327.10748291015625]","[0.0, 0.0]"
-1,None,"[0.54015052318573, 0.3577347993850708]","[549.6845092773438, 328.1069030761719]","[0.0, 0.0]"
-1,None,"[0.5530398488044739, 0.374434232711792]","[548.4390258789062, 329.5838317871094]","[0.0, 0.0]"
-1,None,"[0.3486979007720947, 0.5415056347846985]","[0.11412675678730011, 549.860107421875]","[0.0, 0.0]"
-1,None,"[0.5169528722763062, 0.3172909617424011]","[0.018688619136810303, 0.11380186676979065]","[0.0, 0.0]"
-1,None,"[0.2923632860183716, 0.513613760471344]","[0.11424959450960159, 550.0292358398438]","[0.0, 0.0]"
-1,None,"[0.502068042755127, 0.27850380539894104]","[550.7628784179688, 0.11487690359354019]","[0.0, 0.0]"
-1,None,"[0.5119487047195435, 0.24350783228874207]","[548.2732543945312, 327.4046630859375]","[0.0, 0.0]"
-1,None,"[0.5312873721122742, 0.2385200560092926]","[549.9273071289062, 324.8558044433594]","[0.0, 0.0]"
-1,None,"[0.5357423424720764, 0.2543948292732239]","[549.3165893554688, 0.11941459774971008]","[0.0, 0.0]"
-1,None,"[0.2627437710762024, 0.5073129534721375]","[330.5268859863281, 550.17333984375]","[0.0, 0.0]"
-1,None,"[0.5174794793128967, 0.26978960633277893]","[550.3047485351562, 327.1969299316406]","[0.0, 0.0]"
-1,None,"[0.5111953020095825, 0.2735375165939331]","[545.5227661132812, 0.11825619637966156]","[0.0, 0.0]"
-1,None,"[0.4906816780567169, 0.26599735021591187]","[548.5100708007812, 327.6973571777344]","[0.0, 0.0, 0.0]"
-1,None,"[0.48081088066101074, 0.26909905672073364]","[551.0435180664062, 330.91851806640625]","[0.0, 0.0]"
-1,None,"[0.48923221230506897, 0.2983034551143646]","[550.8070678710938, 330.6802978515625]","[0.0, 0.0, 0.0]"
-1,None,"[0.5005938410758972, 0.3137539327144623]","[556.515869140625, 328.8661804199219]","[0.0, 0.0, 0.0]"
-1,None,"[0.4922853410243988, 0.3335622251033783]","[555.4339599609375, 0.11375421285629272]","[0.0, 0.0]"
-1,None,"[0.4992581009864807, 0.34650108218193054]","[551.1533203125, 333.44952392578125]","[0.0, 0.0]"
-1,None,"[0.48021200299263, 0.3484432101249695]","[546.2767333984375, 0.11398616433143616]","[0.0, 0.0]"
-1,None,"[0.4884844124317169, 0.363098680973053]","[546.8008422851562, 333.6307678222656]","[0.0, 0.0]"
-1,None,"[0.48915237188339233, 0.33385875821113586]","[544.3839111328125, 0.11297770589590073]","[0.0, 0.0]"
-1,None,"[0.48615676164627075, 0.3243843615055084]","[539.7581176757812, 0.11329662054777145]","[0.0, 0.0, 0.0]"
-1,None,"[0.48367032408714294, 0.30859991908073425]","[543.7271728515625, 332.2153015136719]","[0.0, 0.0]"
-1,None,"[0.4670909345149994, 0.3080623745918274]","[548.4594116210938, 330.9692077636719]","[0.0, 0.0]"
-1,None,"[0.30646002292633057, 0.4779373109340668]","[0.11364944279193878, 547.5341186523438]","[0.0, 0.0]"
-1,None,"[0.3062599003314972, 0.4670926630496979]","[326.8618469238281, 550.5574340820312]","[0.0, 0.0]"
-1,None,"[0.2916518747806549, 0.46889936923980713]","[0.11661884188652039, 552.1610107421875]","[0.0, 0.0]"
-1,None,"[0.2814614474773407, 0.4889809489250183]","[332.9518737792969, 551.7002563476562]","[0.0, 0.0]"
-1,None,"[0.475069135427475, 0.28281038999557495]","[554.2838134765625, 0.11738575249910355]","[0.0, 0.0]"
-1,None,"[0.2984912097454071, 0.5046288967132568]","[322.5921325683594, 559.0835571289062]","[0.0, 0.0]"
-1,None,"[0.30538442730903625, 0.545025646686554]","[324.4920959472656, 561.1286010742188]","[0.0, 0.0]"
-1,None,"[0.2892680764198303, 0.5743443965911865]","[323.1588439941406, 560.3439331054688]","[0.0, 0.0, 0.0]"
-1,None,"[0.5678162574768066, 0.31114935874938965]","[552.1964111328125, 0.11687248945236206]","[0.0, 0.0]"
-1,None,"[0.6164570450782776, 0.3140624463558197]","[548.9801635742188, 0.11484832316637039]","[0.0, 0.0, 0.0]"
-1,None,"[0.5320854783058167, 0.3221336305141449]","[547.671875, 0.11493010073900223]","[0.0, 0.0]"
-1,None,"[0.5271585583686829, 0.341914564371109]","[546.8184204101562, 0.11578690260648727]","[0.0, 0.0]"
-1,None,"[0.51008141040802, 0.36065003275871277]","[544.4386596679688, 0.11511201411485672]","[0.0, 0.0]"
-1,None,"[0.5081606507301331, 0.36351051926612854]","[0.02101515233516693, 0.11549288034439087]","[0.0, 0.0]"
-1,None,"[0.4969801604747772, 0.3414229154586792]","[544.4431762695312, 0.11621633172035217]","[0.0, 0.0]"
-1,None,"[0.4769883155822754, 0.3375724256038666]","[525.1564331054688, 0.11590499430894852]","[0.0, 0.0, 0.0]"
-1,None,"[0.4608186185359955, 0.3299162685871124]","[547.71240234375, 325.97216796875]","[0.0, 0.0]"
-1,None,"[0.4805462956428528, 0.31786784529685974]","[554.554443359375, 0.11841649562120438]","[0.0, 0.0, 0.0]"
-1,None,"[0.5030096769332886, 0.3361223340034485]","[557.9619140625, 0.11777524650096893]","[0.0, 0.0]"
-1,None,"[0.30832618474960327, 0.5404815077781677]","[0.11641840636730194, 550.1861572265625]","[0.0, 0.0, 0.0]"
-1,None,"[0.303679883480072, 0.5298277735710144, 1.3402056694030762]","[323.6016845703125, 0.007210791110992432, 557.3954467773438]","[0.0, 0.0, 0.0, 0.0]"
-1,None,"[0.5224142670631409, 0.2864205539226532, 1.27590012550354, 0.8513990640640259]","[563.2837524414062, 0.11771085858345032, 563.2837524414062, 563.2837524414062]","[0.0, 0.0, 0.0]"
-1,None,"[0.5089425444602966, 0.26365402340888977, 1.3399683237075806]","[572.5426635742188, 0.11597733199596405, 572.5426635742188]","[0.0, 0.0]"
-1,None,"[0.4963100254535675, 0.27436718344688416]","[576.1151733398438, 324.8097839355469]","[0.0, 0.0, 0.0]"
-1,None,"[0.5097917318344116, 0.31118184328079224, 1.370449185371399]","[581.6851196289062, 0.11674041301012039, 581.6851196289062]","[0.0, 0.0]"
-1,None,"[0.5148966312408447, 0.2798227369785309]","[588.3475341796875, 0.117833711206913]","[0.0, 0.0]"
-1,None,"[0.5471000075340271, 0.27731767296791077]","[0.028809458017349243, 0.11645466834306717]","[0.0, 0.0, 0.0]"
-1,None,"[0.5751018524169922, 0.29246097803115845]","[618.655517578125, 0.11816471070051193]","[0.0, 0.0, 0.0]"
-1,None,"[0.5579534769058228, 0.2672889828681946]","[0.035801708698272705, 0.11852758377790451]","[0.0, 0.0, 0.0]"
-1,None,"[0.2664504051208496, 0.5491703152656555, 1.3280235528945923]","[0.1188797801733017, 626.6093139648438, 626.6093139648438]","[0.0, 0.0, 0.0]"
-1,None,"[0.3051406741142273, 0.5696965456008911, 1.3077301979064941]","[0.12041227519512177, 628.3540649414062, 628.3540649414062]","[0.0, 0.0]"
-1,None,"[0.3164225220680237, 0.6031985282897949]","[0.11881275475025177, 636.9774169921875]","[0.0, 0.0]"
-1,None,"[0.30267107486724854, 0.606431245803833]","[311.1761169433594, 647.4702758789062]","[0.0, 0.0]"
-1,None,"[0.2897495925426483, 0.6068709492683411]","[0.12037783861160278, 638.7340698242188]","[0.0, 0.0]"
-1,None,"[0.29981309175491333, 0.6539893746376038]","[0.12091480940580368, 635.9972534179688]","[0.0, 0.0]"
-1,None,"[0.2866916060447693, 0.6349279880523682]","[306.6597900390625, 0.04805678129196167]","[0.0, 0.0]"
-1,None,"[0.5883017778396606, 0.27348026633262634]","[624.660400390625, 0.1232684999704361]","[0.0, 0.0]"
-1,None,"[0.3062862455844879, 0.5097429156303406]","[0.12176970392465591, 600.1397705078125]","[0.0, 0.0]"
-1,None,"[0.3136727511882782, 0.4418918192386627]","[0.12056537717580795, 602.6784057617188]","[0.0, 0.0]"
2,HoC + Pose to start IoU,"[0.3213435411453247, 0.37332990765571594]","[323.8193359375, 0.0805426836013794]","[0.0, 0.0]"
3,HoC + Pose,"[0.3377034366130829, 0.35838738083839417]","[319.7895202636719, 0.08134165406227112]","[0.0809292197227478, 1.0]"
2,HoC + Pose to start IoU,"[0.3593588173389435, 0.2632772922515869]","[302.20538330078125, 0.0760134756565094]","[0.0, 0.0]"
1,HoC + Pose,"[0.2735745906829834, 0.36763423681259155]","[0.06475317478179932, 315.12896728515625]","[0.11344051361083984, 1.0]"
-1,None,"[0.3134693205356598, 0.3387165665626526]","[639.3423461914062, 302.938232421875]","[0.0, 0.0]"
-1,None,"[0.3347032070159912, 0.3460291922092438]","[650.1255493164062, 302.5606994628906]","[0.0, 0.0]"
-1,None,"[0.3429146707057953, 0.32863694429397583]","[656.7500610351562, 360.314208984375]","[0.0, 0.0]"
2,HoC + Pose to start IoU,"[0.3506883680820465, 0.33524686098098755]","[342.939697265625, 0.09707260131835938]","[0.0, 0.0]"
2,HoC + Pose to start IoU,"[0.33717629313468933, 0.32023972272872925]","[668.0929565429688, -1.0]","[0.0, 0.0]"
1,HoC + Pose to start IoU,"[0.3374824523925781, 0.35180601477622986]","[0.09966182708740234, -1.0]","[0.0, 0.0]"
1,IoU,"[0.3330247700214386, 0.342825710773468]","[0.09250351786613464, 650.2918090820312]","[1.0, 0.1537509709596634]"
1,IoU,"[0.3176739513874054, 0.3651396930217743]","[676.15087890625, 676.15087890625]","[0.9585489630699158, 0.1389055997133255]"
1,IoU,"[0.3064858317375183, 0.43094342947006226]","[664.4286499023438, 664.4286499023438]",[0.9383911490440369]
1,IoU,[0.29640015959739685],[621.6182861328125],[0.949434757232666]
1,IoU,[0.304634153842926],[617.2413330078125],[0.934801459312439]
1,IoU,[0.30230408906936646],[645.8161010742188],[0.8797202706336975]
1,IoU,[0.30956369638442993],[0.09850361943244934],"[0.8967118263244629, 0.23658964037895203]"
1,IoU,"[0.2964729964733124, 0.31140145659446716]","[0.10212987661361694, -1.0]","[0.915732204914093, 0.2538868188858032]"
7,HoC + Pose,"[0.29156994819641113, 0.2805171310901642]","[0.09605631232261658, -1.0]","[0.9190750122070312, 0.26396647095680237]"
2,HoC + Pose to start IoU,"[0.34359538555145264, 0.276938259601593]","[0.12858718633651733, 0.006129711866378784]","[0.0, 0.0]"
2,IoU,"[0.3359592854976654, 0.2303449958562851]","[648.9354248046875, 0.06412334740161896]","[0.1904754638671875, 1.0]"
1,IoU,"[0.15364758670330048, 0.3230787515640259]","[482.5376281738281, 657.3204345703125]","[0.9895470142364502, 0.17928403615951538]"
2,IoU,"[0.32889723777770996, 0.15545478463172913]","[677.4646606445312, 495.09234619140625]","[0.1866925060749054, 0.84879070520401]"
-1,None,"[0.16088339686393738, 0.357807457447052]","[496.35174560546875, 675.2135009765625]","[0.12626783549785614, 0.7662736773490906]"
2,HoC + Pose to start IoU,"[0.153671994805336, 0.34178775548934937]","[487.66046142578125, -1.0]","[0.0, 0.0]"
2,IoU,"[0.1553497463464737, 0.3417932987213135]","[485.4326171875, -1.0]","[0.0, 1.0]"
2,IoU,"[0.09448591619729996, 0.35512280464172363]","[489.7970275878906, 0.13367870450019836]","[0.0, 0.8310554623603821]"
2,HoC + Pose to start IoU,"[0.09561090171337128, 0.3414642810821533]","[495.4225769042969, -1.0]","[0.0, 0.761719822883606, 0.0]"
2,IoU,"[0.09009329974651337, 0.35999155044555664]","[504.70562744140625, 0.14601632952690125]","[0.0, 1.0]"
2,IoU,"[0.09889799356460571, 0.376655638217926]","[503.6959228515625, -1.0]","[0.0, 0.8826693296432495]"
2,IoU,"[0.0654221773147583, 0.39071768522262573]","[506.527587890625, -1.0]","[0.0, 0.8652205467224121]"
1,HoC + Pose,"[0.0636923536658287, 0.46356773376464844]","[0.037536218762397766, -1.0]","[0.0, 0.8652070164680481]"
-1,None,"[0.06467343866825104, 0.4641481637954712]","[505.354736328125, -1.0]","[0.0, 0.0]"
2,HoC + Pose to start IoU,"[0.06895387172698975, 0.44482335448265076]","[506.8982238769531, -1.0]","[0.0, 0.0]"
1,HoC + Pose,"[0.06750882416963577, 0.48948949575424194]","[0.029381737112998962, -1.0]","[0.0, 1.0]"
2,HoC + Pose to start IoU,"[0.5322693586349487, 0.08405254036188126]","[-1.0, 0.030550643801689148]","[0.0, 0.0]"
2,IoU,"[0.5483479499816895, 0.09579422324895859]","[-1.0, 0.030812695622444153]","[0.0, 1.0]"
1,HoC + Pose,"[0.07861912250518799, 0.5827935338020325]","[0.022236928343772888, -1.0]","[0.0, 0.9391955137252808]"
-1,None,"[0.07311776280403137, 0.618541419506073]","[527.2723388671875, -1.0]","[0.0, 0.0]"
-1,None,"[0.0722622498869896, 0.6592791676521301]","[530.9951782226562, -1.0]","[0.0, 0.0]"
1,HoC + Pose to start IoU,"[0.09795977175235748, 0.5893430709838867]","[0.005007922649383545, -1.0]","[0.0, 0.0]"
1,IoU,"[0.10054206848144531, 0.5855739712715149]","[0.0008087009191513062, -1.0]","[1.0, 0.0]"
1,IoU,"[0.07723135501146317, 0.6308318376541138]","[0.0033299028873443604, -1.0]","[0.9482076168060303, 0.0, 0.0]"
1,IoU,"[0.08274856209754944, 0.6134878993034363, 1.0386275053024292]","[0.012514829635620117, -1.0, -1.0]","[0.9235504269599915, 0.0]"
1,IoU,"[0.07117211073637009, 0.6042588949203491]","[0.01589292287826538, -1.0]","[0.93118816614151, 0.0]"
1,IoU,"[0.0628768727183342, 0.5902934670448303]","[0.020311862230300903, 702.0188598632812]","[0.9180322885513306, 0.028530685231089592]"
1,IoU,"[0.05873049423098564, 0.619361937046051]","[0.022148102521896362, -1.0]","[0.9622390866279602, 0.03353884071111679]"
1,IoU,"[0.06587245315313339, 0.602949857711792]","[0.026302993297576904, 704.1732177734375]","[0.9799330830574036, 0.03340305760502815]"
1,IoU,"[0.0692887231707573, 0.571932852268219]","[0.024516671895980835, 697.83984375]","[0.9410461187362671, 0.052614808082580566]"
1,IoU,"[0.058998797088861465, 0.5442439317703247]","[0.02701762318611145, 704.7102661132812]","[0.9316444396972656, 0.054520655423402786]"
1,IoU,"[0.07029158622026443, 0.5278941988945007]","[0.026896119117736816, 705.5497436523438]","[0.9587534070014954, 0.11163932085037231]"
1,IoU,"[0.07182110846042633, 0.5249724984169006]","[0.027022123336791992, 701.96337890625]","[0.9454728364944458, 0.09206926077604294]"
1,IoU,"[0.07387669384479523, 0.5600361824035645]","[0.030722469091415405, 697.84130859375]","[0.9340633153915405, 0.0]"
1,IoU,"[0.0732947289943695, 0.5833888053894043]","[0.02698826789855957, 685.2576904296875]","[0.9647552371025085, 0.03641980141401291]"
1,IoU,"[0.07369042187929153, 0.6484607458114624]","[0.025979548692703247, 689.9783325195312]","[0.9441690444946289, 0.05546770617365837, 0.0]"
1,HoC + Pose,"[0.08617309480905533, 0.6246025562286377, 1.0215966701507568]","[0.02627640962600708, 710.1951293945312, 710.1951293945312]","[0.03812301158905029, 0.9646730422973633]"
2,HoC + Pose to start IoU,"[0.47887903451919556, 0.09258241951465607]","[-1.0, 0.02309468388557434]","[0.0, 0.0]"
2,IoU,"[0.4959890842437744, 0.06257990747690201]","[691.1370239257812, 0.022548139095306396]","[0.0, 1.0]"
2,HoC + Pose,"[0.4916921854019165, 0.07070811837911606]","[691.8134155273438, 0.014843836426734924]","[0.9562037587165833, 0.10454890877008438]"
1,HoC + Pose to start IoU,"[0.06590932607650757, 0.5002363920211792]","[0.015872403979301453, 681.0840454101562]","[0.0, 0.0]"
1,IoU,"[0.06799398362636566, 0.5160288214683533]","[0.01629498600959778, 0.0688289999961853]","[1.0, 0.011860355734825134, 0.0]"
1,HoC + Pose,"[0.06497778743505478, 0.5196224451065063]","[0.013273954391479492, 678.707763671875]","[0.060589831322431564, 0.9585901498794556]"
2,HoC + Pose to start IoU,"[0.5436714887619019, 0.06697621196508408]","[665.2796630859375, 0.01571756601333618]","[0.0, 0.0, 0.0]"
1,HoC + Pose,"[0.07121991366147995, 0.5266973376274109]","[0.014940276741981506, 664.6455078125]","[0.06834046542644501, 1.0, 0.0]"
2,HoC + Pose to start IoU,"[0.524827778339386, 0.07139744609594345]","[665.1769409179688, 0.017075136303901672]","[0.0, 0.0, 0.0]"
1,HoC + Pose,"[0.07856354862451553, 0.5341137647628784]","[0.016768664121627808, 672.62548828125]","[0.021355705335736275, 1.0]"
1,HoC + Pose to start IoU,"[0.07332918792963028, 0.5464172959327698]","[0.015578687191009521, 652.2594604492188]","[0.0, 0.0, 0.0, 0.0]"
1,IoU,"[0.0789366289973259, 0.6003233194351196, 1.2498648166656494]","[0.013918563723564148, 656.6403198242188, 656.6403198242188]","[1.0, 0.06594594568014145, 0.0, 0.0]"
1,IoU,"[0.0724266916513443, 0.6328904032707214, 1.2669082880020142]","[0.010559946298599243, 650.77783203125, 650.77783203125]","[0.98358553647995, 0.06414682418107986, 0.0]"
1,HoC + Pose,"[0.08121588826179504, 0.6305288672447205]","[0.010586932301521301, 655.8760986328125]","[0.042705193161964417, 0.9186100363731384]"
2,HoC + Pose to start IoU,"[0.6881653070449829, 0.09246085584163666]","[646.7245483398438, 0.013989120721817017]","[0.0, 0.0]"
2,IoU,"[0.6807241439819336, 0.10666310787200928]","[647.9472045898438, 0.015251681208610535]","[0.016470491886138916, 1.0]"
2,IoU,"[0.677445113658905, 0.10172300785779953]","[0.06968694925308228, 0.01044553518295288]","[0.019990846514701843, 0.9451459050178528]"
2,HoC + Pose,"[0.6650843024253845, 0.1001884937286377]","[657.15234375, 0.00889626145362854]","[0.9285057783126831, 0.021705767139792442]"
1,HoC + Pose to start IoU,"[0.10634638369083405, 0.6597837209701538]","[0.011867865920066833, 657.9548950195312]","[0.0, 0.0]"
1,IoU,"[0.12246409058570862, 0.6651611924171448]","[0.01270836591720581, 662.2786254882812]","[1.0, 0.06125973165035248]"
1,IoU,"[0.12809127569198608, 0.6882997751235962]","[0.01067441701889038, 656.7713012695312]","[0.9717049598693848, 0.04785512015223503]"
1,HoC + Pose,"[0.14023661613464355, 0.6271480321884155]","[0.016295239329338074, 657.1922607421875]","[0.047837305814027786, 0.9393490552902222]"
2,HoC + Pose to start IoU,"[0.6119996309280396, 0.16336368024349213]","[651.5470581054688, 0.014760121703147888]","[0.0, 0.0]"
2,IoU,"[0.5967845916748047, 0.16503159701824188]","[647.1045532226562, 0.011645063757896423]","[0.06648625433444977, 1.0]"
2,IoU,"[0.6066820621490479, 0.15856468677520752]","[643.4923095703125, 0.014619901776313782]","[0.053226448595523834, 0.9849146604537964]"
2,IoU,"[0.5973817706108093, 0.1357775330543518]","[642.08935546875, 0.011995792388916016]","[0.066851407289505, 0.928495466709137]"
2,IoU,"[0.6371009945869446, 0.13911767303943634]","[635.068359375, 0.014575108885765076]","[0.0, 0.9004577994346619]"
2,IoU,"[0.629738986492157, 0.12601429224014282]","[636.3958740234375, 0.021333619952201843]","[0.05784716084599495, 0.8810416460037231]"
2,IoU,"[0.5943646430969238, 0.12875007092952728]","[629.1104736328125, 0.02653929591178894]","[0.06436631828546524, 0.9242658019065857]"
2,HoC + Pose,"[0.6245334148406982, 0.14907898008823395]","[631.0711059570312, 0.027228951454162598]","[0.9598875641822815, 0.0839097797870636]"
1,HoC + Pose to start IoU,"[0.17866216599941254, 0.6223010420799255]","[0.025448590517044067, 626.8281860351562]","[0.0, 0.0]"
2,HoC + Pose,"[0.5828742384910583, 0.17946182191371918]","[629.321533203125, 0.025386154651641846]","[1.0, 0.05261103808879852]"
-1,None,"[0.597995400428772, 0.196086585521698]","[622.4337768554688, 575.6973876953125]","[0.0, 0.0]"
-1,None,"[0.566396176815033, 0.19270922243595123]","[612.2518920898438, 572.2986450195312]","[0.0, 0.0]"
1,HoC + Pose to start IoU,"[0.18768222630023956, 0.5533549189567566]","[0.0152578204870224, 611.260986328125]","[0.0, 0.0]"
1,IoU,"[0.2034761756658554, 0.5740534663200378]","[0.017608433961868286, 610.1029663085938]","[1.0, 0.05490292236208916]"
1,IoU,"[0.21029916405677795, 0.5912362337112427]","[0.012625843286514282, 610.3779296875]","[0.9357702136039734, 0.0]"
1,IoU,"[0.17945639789104462, 0.5501310229301453]","[0.01354546844959259, 604.0797729492188]","[0.929962694644928, 0.07343132793903351]"
1,HoC + Pose,"[0.1651548445224762, 0.5364229679107666]","[0.012099593877792358, 603.7244262695312]","[0.0, 0.9249060750007629]"
2,HoC + Pose to start IoU,"[0.5493924021720886, 0.15586620569229126]","[599.3031616210938, 0.008727282285690308]","[0.0, 0.0]"
1,HoC + Pose,"[0.13297498226165771, 0.556139349937439]","[0.003896370530128479, 602.353515625]","[0.0, 1.0]"
1,HoC + Pose to start IoU,"[0.1188456267118454, 0.602556049823761]","[0.005437567830085754, 615.9932250976562]","[0.0, 0.0]"
1,IoU,"[0.11919046193361282, 0.6008039116859436]","[0.00397355854511261, 613.628173828125]","[1.0, 0.031642645597457886]"
1,IoU,"[0.11232813447713852, 0.604232132434845]","[0.0014933794736862183, 613.1605224609375]","[0.9066126346588135, 0.05251258984208107]"
1,IoU,"[0.10058244317770004, 0.6427640318870544]","[0.0037210583686828613, 587.5846557617188]","[0.9585819840431213, 0.019153952598571777]"
1,HoC + Pose,"[0.10876015573740005, 0.698718786239624]","[0.006176874041557312, 589.8211059570312]","[0.011224484071135521, 0.9333652257919312]"
2,HoC + Pose to start IoU,"[0.7328819632530212, 0.09521034359931946]","[594.5171508789062, 0.007437065243721008]","[0.0, 0.0]"
2,IoU,"[0.7255330085754395, 0.08325308561325073]","[599.163818359375, 0.013454318046569824]","[0.0, 1.0]"
2,IoU,"[0.6952371001243591, 0.08383918553590775]","[601.90966796875, 0.013768956065177917]","[0.0, 0.9737973213195801]"
2,HoC + Pose,"[0.6836605668067932, 0.08209940791130066]","[602.485107421875, 0.018369317054748535]","[0.9077459573745728, 0.0]"
1,HoC + Pose to start IoU,"[0.08329117298126221, 0.6686918139457703]","[0.018744751811027527, 601.3283081054688]","[0.0, 0.0]"
2,HoC + Pose,"[0.6487345695495605, 0.07458055764436722]","[617.061279296875, 0.019142672419548035]","[1.0, 0.0, 0.0]"
1,HoC + Pose to start IoU,"[0.06101304292678833, 0.6834611892700195, 1.2514694929122925]","[0.02103978395462036, 616.9694213867188, 0.05576711893081665]","[0.0, 0.0]"
1,IoU,"[0.062903992831707, 0.6837587952613831]","[0.024985909461975098, 617.06005859375]","[1.0, 0.0]"
1,IoU,"[0.07128207385540009, 0.6278058886528015]","[0.027915090322494507, 618.2512817382812]","[0.9024887681007385, 0.0]"
1,IoU,"[0.07418232411146164, 0.6454970836639404]","[0.030192315578460693, 622.8361206054688]","[0.9509173631668091, 0.0]"
1,IoU,"[0.07375156134366989, 0.6566545963287354]","[0.03047811985015869, 628.252197265625]","[0.9725258946418762, 0.0]"
1,IoU,"[0.08889678865671158, 0.65424644947052]","[0.03115302324295044, 0.03953030705451965]","[0.9590441584587097, 0.0]"
1,IoU,"[0.09299595654010773, 0.6306541562080383]","[0.031056612730026245, 631.126708984375]","[0.9749119281768799, 0.0]"
1,IoU,"[0.08870968222618103, 0.6516863107681274]","[0.028679639101028442, 636.3582763671875]","[0.9834710955619812, 0.0]"
1,IoU,"[0.10468877106904984, 0.6629015803337097]","[0.029875725507736206, 649.878662109375]","[0.938524603843689, 0.0]"
1,IoU,"[0.08365267515182495, 0.6444116830825806]","[0.03349009156227112, 664.6897583007812]","[0.917034387588501, 0.0]"
1,IoU,"[0.08255644142627716, 0.6529622077941895]","[0.03268629312515259, 0.08478081226348877]","[0.9280285239219666, 0.0]"
1,IoU,"[0.07346423715353012, 0.623505175113678]","[0.033698081970214844, 638.5518798828125]","[0.93834388256073, 0.0]"
1,IoU,"[0.06099319085478783, 0.6168236136436462]","[0.03547665476799011, 0.0821375846862793]","[0.9705944657325745, 0.0]"
1,IoU,"[0.04944339767098427, 0.6542229652404785]","[0.03699192404747009, -1.0]","[0.9313254356384277, 0.0]"
1,IoU,"[0.058654721826314926, 0.6248629093170166]","[0.03620272874832153, -1.0]","[0.9348621964454651, 0.0]"
1,HoC + Pose,"[0.055144499987363815, 0.6537166833877563]","[0.03299897909164429, -1.0]","[0.0, 0.8721638321876526]"
2,HoC + Pose to start IoU,"[0.7130310535430908, 0.058484677225351334]","[-1.0, 0.03680124878883362]","[0.0, 0.0]"
2,IoU,"[0.7254852652549744, 0.08737807720899582]","[-1.0, 0.029546797275543213]","[0.0, 1.0]"
2,IoU,"[0.7011970281600952, 0.09986157715320587]","[-1.0, 0.027309536933898926]","[0.0, 0.964194118976593]"
2,IoU,"[0.6846900582313538, 0.09263969957828522]","[-1.0, 0.020993247628211975]","[0.0, 0.9637886881828308]"
2,IoU,"[0.6787301898002625, 0.07420364767313004]","[-1.0, 574.310302734375]","[0.0, 0.8553756475448608]"
2,IoU,"[0.6558167338371277, 0.0627651959657669]","[-1.0, 569.6605834960938]","[0.0, 0.9318482279777527]"
2,IoU,"[0.6779675483703613, 0.06380441784858704]","[-1.0, 566.5484619140625]","[0.0, 0.991571843624115]"
2,IoU,"[0.6651129722595215, 0.06010301038622856]","[-1.0, 0.013934418559074402]","[0.0, 0.8780866861343384]"
2,HoC + Pose,"[0.6698278188705444, 0.056717704981565475]","[-1.0, 0.016205057501792908]","[0.9053433537483215, 0.0]"
1,HoC + Pose to start IoU,"[0.05457930639386177, 0.7062762379646301]","[0.018163427710533142, -1.0]","[0.0, 0.0]"
1,IoU,"[0.06900186836719513, 0.6661603450775146]","[0.018046855926513672, -1.0]","[1.0, 0.0]"
1,IoU,"[0.06911908835172653, 0.6785828471183777]","[0.017775222659111023, -1.0]","[0.9776760935783386, 0.0]"
1,IoU,"[0.07995378971099854, 0.66440349817276]","[0.018969818949699402, -1.0]","[0.9139904975891113, 0.0]"
1,HoC + Pose,"[0.10791663080453873, 0.6764835119247437]","[0.010368198156356812, -1.0]","[0.0, 0.8843604326248169]"
2,HoC + Pose to start IoU,"[0.6851247549057007, 0.11037927865982056]","[-1.0, 0.012858062982559204]","[0.0, 0.0]"
2,IoU,"[0.7151063680648804, 0.12896175682544708]","[-1.0, 0.016782596707344055]","[0.0, 1.0]"
2,IoU,"[0.7282001376152039, 0.13264280557632446]","[-1.0, 569.3610229492188]","[0.0, 0.8984808921813965]"
2,IoU,"[0.7690345644950867, 0.16263705492019653]","[-1.0, 0.005311489105224609]","[0.0, 0.853569746017456]"
2,IoU,"[0.7754514217376709, 0.15338237583637238]","[-1.0, 0.00020806491374969482]","[0.0, 0.9075669050216675]"
2,IoU,"[0.7385326623916626, 0.1777457892894745]","[-1.0, 555.2107543945312]","[0.0, 0.9269787669181824]"
2,IoU,"[0.7312273979187012, 0.18983034789562225]","[-1.0, 553.3247680664062]","[0.0, 0.9286659359931946]"
2,IoU,"[0.7283264398574829, 0.16189301013946533]","[-1.0, 539.7615966796875]","[0.0, 0.9317730069160461]"
2,IoU,"[0.7134395241737366, 0.17498713731765747]","[-1.0, 0.021618589758872986]","[0.0, 0.9580614566802979]"
2,IoU,"[0.7190666198730469, 0.16587476432323456]","[-1.0, 0.025083988904953003]","[0.0, 0.9410305023193359]"
2,IoU,"[0.6896648406982422, 0.17919984459877014]","[-1.0, 0.0290897935628891]","[0.0, 0.9401298761367798]"
2,IoU,"[0.6705730557441711, 0.2100592702627182]","[-1.0, 0.03436030447483063]","[0.0, 0.9185926914215088]"
2,IoU,"[0.6576938033103943, 0.24926182627677917]","[-1.0, 0.0381634384393692]","[0.0, 0.9314973950386047]"
2,IoU,"[0.6086204648017883, 0.30640435218811035]","[-1.0, 0.038492366671562195]","[0.0, 0.9319899678230286]"
2,IoU,"[0.547336220741272, 0.2837192118167877]","[-1.0, 0.04693908989429474]","[0.0, 0.9062002897262573]"
2,IoU,"[0.4947698712348938, 0.21528255939483643]","[-1.0, 0.05159476399421692]","[0.0, 0.91233891248703]"
2,IoU,"[0.4843592047691345, 0.17532631754875183]","[-1.0, 483.3453063964844]","[0.0, 0.8662639260292053, 0.0]"
2,IoU,"[0.4332752823829651, 0.17909398674964905, 1.0353952646255493]","[-1.0, 0.05295786261558533, -1.0]","[0.0, 0.8492606282234192]"
2,IoU,"[0.39790773391723633, 0.1976672112941742]","[-1.0, 468.3969421386719]","[0.0, 0.8708341121673584]"
2,IoU,"[0.3855760097503662, 0.2111268937587738]","[-1.0, 469.07684326171875]","[0.0, 0.8967133164405823]"
2,IoU,"[0.3606628179550171, 0.21598093211650848]","[-1.0, 460.98291015625]","[0.0, 0.9075446724891663, 0.0]"
2,IoU,"[0.33014819025993347, 0.23566287755966187, 1.0192214250564575]","[-1.0, 459.3326416015625, -1.0]","[0.0, 0.9501370787620544, 0.0]"
2,IoU,"[0.32088640332221985, 0.24546568095684052, 1.0147544145584106]","[-1.0, 0.07428362965583801, -1.0]","[0.0, 0.979476273059845, 0.0]"
2,IoU,"[0.3202183246612549, 0.24897612631320953, 1.0179187059402466]","[-1.0, 453.07122802734375, -1.0]","[0.0, 0.9479438662528992]"
2,IoU,"[0.322115033864975, 0.18442606925964355]","[-1.0, 442.66204833984375]","[0.0, 0.9157254695892334, 0.0]"
2,IoU,"[0.3170945346355438, 0.194125697016716, 1.048869252204895]","[0.2983390986919403, 445.2890319824219, 545.3930053710938]","[0.0, 0.9172740578651428, 0.0]"
2,IoU,"[0.3140500783920288, 0.20905733108520508, 1.0890566110610962]","[0.30068835616111755, 443.8190612792969, 549.9448852539062]","[0.0, 0.9281994700431824, 0.0]"
2,IoU,"[0.30887237191200256, 0.19054459035396576, 1.0743303298950195]","[-1.0, 441.7315673828125, -1.0]","[0.0, 0.9446192383766174, 0.0]"
2,IoU,"[0.3003470003604889, 0.2027733027935028, 1.0564993619918823]","[-1.0, 439.8839416503906, -1.0]","[0.0, 0.9124140739440918, 0.0]"
2,IoU,"[0.30307912826538086, 0.21014808118343353, 1.0502872467041016]","[-1.0, 0.08283908665180206, -1.0]","[0.0, 0.8945492506027222, 0.0]"
2,IoU,"[0.3005189895629883, 0.21277178823947906, 1.0614268779754639]","[-1.0, 448.8191223144531, -1.0]","[0.0, 0.9094059467315674, 0.0]"
2,IoU,"[0.30139288306236267, 0.2483668476343155, 1.0716426372528076]","[-1.0, 450.5704345703125, -1.0]","[0.0, 0.9287169575691223, 0.0]"
2,IoU,"[0.3018125891685486, 0.25599101185798645, 1.0549076795578003]","[-1.0, 0.08318822085857391, -1.0]","[0.0, 0.9403095245361328, 0.0]"
2,IoU,"[0.3269183039665222, 0.24856486916542053, 1.0808216333389282]","[-1.0, 448.75262451171875, -1.0]","[0.0, 0.9525259137153625, 0.0]"
2,IoU,"[0.33269187808036804, 0.2271782010793686, 1.0996901988983154]","[-1.0, 452.2249450683594, -1.0]","[0.0, 0.8747785687446594, 0.0]"
2,IoU,"[0.3136071562767029, 0.2184431254863739, 1.0719635486602783]","[-1.0, 455.68218994140625, -1.0]","[0.0, 0.8637405037879944, 0.0]"
1,IoU,"[0.3085763156414032, 0.20446953177452087, 1.0684939622879028]","[-1.0, 452.5148010253906, -1.0]","[0.9110293984413147, 0.0, 0.0]"
1,IoU,"[0.19008687138557434, 0.3076367974281311, 1.1056824922561646]","[460.9855041503906, -1.0, -1.0]","[0.9374129176139832, 0.0]"
1,IoU,"[0.20963050425052643, 0.3006291687488556]","[0.07892122864723206, -1.0]","[0.9503170847892761, 0.0, 0.0]"
1,IoU,"[0.2038208246231079, 0.3055461049079895, 1.0382322072982788]","[0.07769662141799927, -1.0, -1.0]","[0.947727620601654, 0.0]"
2,IoU,"[0.18419797718524933, 0.30484825372695923]","[467.8724060058594, -1.0]","[0.0, 0.9571802020072937]"
2,IoU,"[0.3151569068431854, 0.16571535170078278]","[-1.0, 468.919189453125]","[0.0, 0.9528216123580933, 0.0]"
2,IoU,"[0.31513088941574097, 0.14814189076423645, 1.0597965717315674]","[-1.0, 475.8694763183594, -1.0]","[0.0, 0.8938692212104797, 0.0]"
2,IoU,"[0.32786786556243896, 0.1657731682062149, 1.03826105594635]","[-1.0, 470.7394714355469, -1.0]","[0.0, 0.8715789318084717, 0.0]"
2,IoU,"[0.3402937352657318, 0.17972968518733978, 1.0854781866073608]","[-1.0, 472.8262023925781, -1.0]","[0.0, 0.8855198621749878, 0.0]"
1,HoC + Pose to start IoU,"[0.3508882522583008, 0.18419189751148224, 1.0634361505508423]","[-1.0, 468.61212158203125, -1.0]","[0.0, 0.7986796498298645]"
1,IoU,"[0.4022523760795593, 0.1741616129875183]","[-1.0, 470.7602844238281]","[1.0, 0.0]"
1,IoU,"[0.4312940537929535, 0.16168853640556335]","[-1.0, 474.2056579589844]","[0.9854015707969666, 0.0]"
1,IoU,"[0.4313904345035553, 0.1544276624917984]","[-1.0, 476.8990173339844]","[0.97133469581604, 0.0]"
1,IoU,"[0.45141544938087463, 0.18418359756469727]","[-1.0, 473.6317138671875]","[0.9612938761711121, 0.0]"
2,HoC + Pose,"[0.46348780393600464, 0.26473504304885864]","[-1.0, 0.06292292475700378]","[0.9611201882362366, 0.0]"
-1,None,"[0.4805889427661896, 0.29876816272735596]","[-1.0, 460.8279724121094]","[0.0, 0.0]"
-1,None,"[0.2911425232887268, 0.4881419837474823]","[454.9772033691406, -1.0]","[0.0, 0.0]"
2,HoC + Pose to start IoU,"[0.5180347561836243, 0.2744598388671875]","[-1.0, 0.07208523154258728]","[0.0, 0.0]"
1,HoC + Pose,"[0.27740731835365295, 0.5697897672653198]","[0.07091686129570007, -1.0]","[0.012328431010246277, 1.0]"
1,HoC + Pose to start IoU,"[0.2539946436882019, 0.5879783034324646]","[0.07334068417549133, -1.0]","[0.0, 0.0]"
1,IoU,"[0.2218133509159088, 0.6091386675834656]","[0.07509994506835938, -1.0]","[1.0, 0.021082403138279915]"
1,IoU,"[0.20002944767475128, 0.6383848190307617]","[431.1758728027344, -1.0]","[0.9667896628379822, 0.014805871061980724]"
1,IoU,"[0.1976601928472519, 0.6331696510314941]","[420.83685302734375, -1.0]","[0.9354776740074158, 0.0]"
1,IoU,"[0.19803258776664734, 0.6578385829925537]","[0.09125715494155884, -1.0]","[0.9191403985023499, 0.0]"
1,IoU,"[0.200035959482193, 0.6671128869056702]","[401.104736328125, -1.0]","[0.906165599822998, 0.0]"
1,IoU,"[0.21602706611156464, 0.6688858270645142]","[394.0009765625, -1.0]","[0.9457166790962219, 0.0]"
1,IoU,"[0.19858480989933014, 0.699026346206665]","[0.100967638194561, -1.0]","[0.9601672291755676, 0.0]"
1,IoU,"[0.18447355926036835, 0.6963663101196289]","[383.2262878417969, -1.0]","[0.973462700843811, 0.0]"
1,IoU,"[0.19802644848823547, 0.684223473072052]","[0.10609041899442673, -1.0]","[0.9657691121101379, 0.0]"
2,IoU,"[0.2263302206993103, 0.6541542410850525]","[374.7773742675781, -1.0]","[0.0, 0.9350088834762573]"
1,IoU,"[0.645497739315033, 0.23456838726997375]","[-1.0, 374.0806579589844]","[0.9339388012886047, 0.0]"
1,IoU,"[0.2516601085662842, 0.6079481244087219]","[0.10620322823524475, -1.0]","[0.906125009059906, 0.0]"
1,IoU,"[0.23154820501804352, 0.5944178104400635]","[385.8570556640625, -1.0]","[0.8948705792427063, 0.0]"
1,IoU,"[0.21845413744449615, 0.5691230893135071]","[0.1015813797712326, -1.0]","[0.9120060205459595, 0.0]"
1,IoU,"[0.2120666652917862, 0.5685582160949707]","[400.4742431640625, -1.0]","[0.8830143213272095, 0.0]"
1,IoU,"[0.2013397365808487, 0.6003104448318481]","[410.9114074707031, -1.0]","[0.8631569147109985, 0.0]"
1,IoU,"[0.18096846342086792, 0.6594981551170349]","[0.09462828934192657, -1.0]","[0.8443605899810791, 0.0]"
1,IoU,"[0.1646428108215332, 0.6784597635269165]","[427.618408203125, -1.0]","[0.8464328646659851, 0.0]"
-1,None,"[0.16924971342086792, 0.6410815119743347]","[427.90924072265625, -1.0]","[0.7946246266365051, 0.0]"
1,HoC + Pose to start IoU,"[0.12460130453109741, 0.6011654138565063]","[0.08833400905132294, -1.0]","[0.0, 0.0]"
1,IoU,"[0.5452201962471008, 0.11751589924097061]","[-1.0, 442.1194152832031]","[1.0, 0.0]"
1,IoU,"[0.5556085109710693, 0.1327529400587082]","[-1.0, 443.7181701660156]","[0.96875, 0.0]"
2,HoC + Pose,"[0.5356914401054382, 0.13065055012702942]","[-1.0, 0.0801197737455368]","[0.987880527973175, 0.0, 0.03744632750749588]"
2,HoC + Pose to start IoU,"[0.5078590512275696, 0.14178931713104248]","[-1.0, 0.07954093813896179]","[0.0, 0.0]"
2,IoU,"[0.48522263765335083, 0.14783348143100739]","[-1.0, 0.08151471614837646]","[0.0, 1.0]"
2,IoU,"[0.48067551851272583, 0.15626975893974304]","[-1.0, 0.08191874623298645]","[0.0, 0.9637402892112732]"
1,IoU,"[0.4561575949192047, 0.180334210395813]","[-1.0, 446.5296630859375]","[0.9471169710159302, 0.0]"
1,IoU,"[0.19813388586044312, 0.42709779739379883]","[443.3366394042969, -1.0]","[0.9588491320610046, 0.0]"
1,IoU,"[0.22027090191841125, 0.42482635378837585]","[448.57904052734375, 0.12343055009841919]","[0.9774278402328491, 0.0]"
1,IoU,"[0.20754292607307434, 0.4366930425167084]","[448.28314208984375, 0.1124890148639679]","[0.9887292385101318, 0.0]"
1,IoU,"[0.19134937226772308, 0.42957037687301636]","[441.7967224121094, 0.09928128123283386]","[0.9461273550987244, 0.0]"
1,IoU,"[0.1710035651922226, 0.472481906414032]","[447.2461242675781, 0.08212214708328247]","[0.8882232904434204, 0.0]"
1,IoU,"[0.17491959035396576, 0.5296838879585266]","[0.08153514564037323, 0.06734287738800049]","[0.8659671545028687, 0.0]"
1,IoU,"[0.19593928754329681, 0.5175565481185913]","[449.79156494140625, 0.060939937829971313]","[0.8792500495910645, 0.0]"
1,IoU,"[0.19571903347969055, 0.47926223278045654]","[0.0795474648475647, 0.04738464951515198]","[0.8917950391769409, 0.0, 0.0]"
1,HoC + Pose,"[0.15922509133815765, 0.4824064075946808, 1.203223705291748]","[0.08232457935810089, 0.034953176975250244, 614.2015991210938]","[0.0, 0.9129252433776855]"
2,HoC + Pose to start IoU,"[0.4740718901157379, 0.18023636937141418]","[0.02269478142261505, 0.08305919170379639]","[0.0, 0.0]"
2,IoU,"[0.4783444404602051, 0.15312129259109497]","[595.5004272460938, 0.08378955721855164]","[0.0, 1.0]"
2,IoU,"[0.47568535804748535, 0.15799884498119354]","[578.6406860351562, 0.08304503560066223]","[0.0, 0.9634288549423218]"
2,IoU,"[0.5365595817565918, 0.13836626708507538]","[587.9950561523438, 442.52935791015625]","[0.0, 0.9629173874855042]"
2,IoU,"[0.5445571541786194, 0.16864238679409027]","[0.0010083019733428955, 428.3169250488281]","[0.0, 0.9701371788978577]"
2,IoU,"[0.5575412511825562, 0.1583990901708603]","[567.2174072265625, 428.1854248046875]","[0.0, 0.9555984735488892]"
2,IoU,"[0.5723814964294434, 0.17926809191703796]","[556.6181640625, 414.55865478515625]","[0.0, 0.9535720348358154]"
2,IoU,"[0.5929800271987915, 0.19017969071865082]","[545.9992065429688, 395.4022216796875]","[0.0, 0.921654224395752]"
2,IoU,"[0.5871559977531433, 0.17481082677841187]","[531.7120971679688, 388.5356140136719]","[0.0, 0.9427720904350281]"
2,IoU,"[0.5877635478973389, 0.1941809207201004]","[529.9614868164062, 380.247314453125]","[0.0, 0.917783796787262]"
2,IoU,"[0.5415381789207458, 0.17943210899829865]","[525.4209594726562, 370.9496154785156]","[0.0, 0.9195019602775574]"
2,IoU,"[0.5006563663482666, 0.19948577880859375]","[508.7097473144531, 349.5464782714844]","[0.0, 0.8878435492515564]"
2,IoU,"[0.48425886034965515, 0.17360037565231323]","[495.97650146484375, 0.11750295758247375]","[0.0, 0.9247246384620667]"
2,IoU,"[0.4679951071739197, 0.16340039670467377]","[488.51220703125, 326.97076416015625]","[0.0, 0.8730884790420532]"
2,IoU,"[0.4482411742210388, 0.22939267754554749]","[486.1177978515625, 0.12305648624897003]","[0.0, 0.8846603631973267]"
2,IoU,"[0.4697931408882141, 0.2573278546333313]","[488.9303283691406, 0.12575674057006836]","[0.0, 0.9346356391906738]"
2,IoU,"[0.47221094369888306, 0.24863430857658386]","[488.17291259765625, 302.26141357421875]","[0.0, 0.955524742603302]"
2,IoU,"[0.49901872873306274, 0.2740800976753235]","[479.0517272949219, 300.27825927734375]","[0.0, 0.9589519500732422]"
2,IoU,"[0.5176764130592346, 0.25834524631500244]","[458.7724914550781, 295.40625]","[0.0, 0.9517286419868469]"
2,IoU,"[0.5090511441230774, 0.241757333278656]","[456.4671325683594, 292.63470458984375]","[0.0, 0.9441720843315125, 0.0]"
1,IoU,"[0.49988818168640137, 0.2490176558494568, 1.3237744569778442]","[460.7571105957031, 294.89007568359375, 460.7571105957031]","[0.953837513923645, 0.0, 0.0]"
1,IoU,"[0.24197515845298767, 0.4613392651081085, 1.3597569465637207]","[293.2294006347656, 450.5286865234375, 450.5286865234375]","[0.9246283769607544, 0.0]"
1,IoU,"[0.23906324803829193, 0.45639708638191223]","[298.54168701171875, 446.5376892089844]","[0.9315091967582703, 0.0]"
1,IoU,"[0.2282842993736267, 0.4439665973186493]","[299.7041931152344, 445.0006103515625]","[0.9182202219963074, 0.0]"
1,IoU,"[0.21930162608623505, 0.4037959575653076]","[301.5614929199219, 438.4970703125]","[0.8874285221099854, 0.0]"
1,IoU,"[0.1987905204296112, 0.3963395953178406]","[304.0942687988281, 437.1084289550781]","[0.911723792552948, 0.0]"
1,IoU,"[0.2063530534505844, 0.35975733399391174]","[304.5562438964844, 434.4287414550781]","[0.9302213788032532, 0.0]"
1,IoU,"[0.21988263726234436, 0.33510056138038635]","[304.1176452636719, 431.630126953125]","[0.9257931113243103, 0.0, 0.0]"
1,IoU,"[0.19971702992916107, 0.3290782570838928]","[304.2032165527344, 441.6900939941406]","[0.9422441720962524, 0.0]"
1,IoU,"[0.20343069732189178, 0.3084444999694824]","[303.0713195800781, 436.7038269042969]","[0.9578602910041809, 0.0, 0.0]"
1,IoU,"[0.18381565809249878, 0.31494376063346863]","[302.3096923828125, 437.1122131347656]","[0.9620393514633179, 0.0]"
2,IoU,"[0.19482126832008362, 0.3291235566139221]","[298.4141845703125, 431.96038818359375]","[0.0, 0.9658678770065308]"
2,IoU,"[0.33178356289863586, 0.19425401091575623]","[431.2317199707031, 292.90826416015625]","[0.0, 0.971764087677002]"
2,IoU,"[0.32814300060272217, 0.21464599668979645]","[430.8685607910156, 292.392578125]","[0.0, 0.9541275501251221]"
3,IoU,"[0.4297456741333008, 0.19788624346256256]","[427.9145202636719, 294.6641845703125]","[0.0, 0.9735449552536011]"
2,IoU,"[0.5249587893486023, 0.2012568712234497]","[423.5888671875, 292.2686462402344]","[0.0, 0.9607569575309753]"
3,IoU,"[0.5246535539627075, 0.21394650638103485]","[425.55987548828125, 295.0135192871094]","[0.0, 0.9597678780555725]"
3,IoU,"[0.6046383380889893, 0.195322647690773]","[423.7332458496094, 293.3714599609375]","[0.0, 0.9850441813468933, 0.0]"
4,IoU,"[0.6571530103683472, 0.20078176259994507]","[419.48101806640625, 289.88134765625]","[0.0, 0.950432300567627]"
4,IoU,"[0.6335709095001221, 0.2370775043964386]","[420.9990539550781, 288.9281005859375]","[0.0, 0.972083330154419, 0.0]"
4,IoU,"[0.6484741568565369, 0.22959870100021362]","[419.97283935546875, 289.35504150390625]","[0.0, 0.958971381187439, 0.0]"
4,IoU,"[0.6595428586006165, 0.2483666092157364]","[419.0000305175781, 286.4804382324219]","[0.0, 0.9582458138465881, 0.0]"
3,IoU,"[0.6663610935211182, 0.2511094808578491]","[419.54913330078125, 284.916259765625]","[0.0, 0.9110431671142578]"
4,IoU,"[0.6620655655860901, 0.22344398498535156]","[419.87847900390625, 285.30511474609375]","[0.0, 0.9085054993629456, 0.0]"
3,IoU,"[0.6673911213874817, 0.22769245505332947, 1.0975977182388306]","[426.4022521972656, 288.0065612792969, 426.4022521972656]","[0.0, 0.8651395440101624, 0.0]"
3,IoU,"[0.6559234261512756, 0.2368580400943756, 1.1446905136108398]","[424.8255920410156, 288.0967102050781, 424.8255920410156]","[0.0, 0.9428664445877075, 0.0]"
4,IoU,"[0.6376107335090637, 0.24635660648345947, 1.1459035873413086]","[416.75933837890625, 292.5610656738281, 416.75933837890625]","[0.0, 0.8998069167137146, 0.0]"
4,IoU,"[0.6437238454818726, 0.23405331373214722, 1.1257094144821167]","[428.3702697753906, 284.07269287109375, 428.3702697753906]","[0.0, 0.9167927503585815]"
-1,None,"[0.6028066873550415, 0.23416376113891602]","[421.44744873046875, 285.4453125]","[0.0, 0.0]"
-1,None,"[0.6062758564949036, 0.23744350671768188]","[420.4999694824219, 286.40966796875]","[0.0, 0.0]"
-1,None,"[0.6251057386398315, 0.2163027673959732]","[420.48199462890625, 287.9740295410156]","[0.0, 0.0]"
-1,None,"[0.6303502321243286, 0.20830056071281433]","[420.26611328125, 288.0999450683594]","[0.0, 0.0]"
-1,None,"[0.6433247327804565, 0.19241705536842346]","[429.3741455078125, 290.17498779296875]","[0.0, 0.0]"
-1,None,"[0.652290940284729, 0.2061125934123993]","[430.3701171875, 292.4013977050781]","[0.0, 0.0]"
-1,None,"[0.6607740521430969, 0.2141171246767044]","[432.21197509765625, 287.36419677734375]","[0.0, 0.0]"
-1,None,"[0.6692461371421814, 0.2069636583328247]","[428.9644775390625, 288.94219970703125]","[0.0, 0.0]"
-1,None,"[0.6710135340690613, 0.20165203511714935]","[427.3504638671875, 284.41778564453125]","[0.0, 0.0]"
-1,None,"[0.6819739937782288, 0.1874205321073532]","[425.2820739746094, 287.3952941894531]","[0.0, 0.0]"
-1,None,"[0.6713619232177734, 0.1969369649887085]","[422.34100341796875, 285.36444091796875]","[0.0, 0.0]"
-1,None,"[0.6550476551055908, 0.19166375696659088]","[419.14501953125, 285.1117858886719]","[0.0, 0.0]"
-1,None,"[0.6263188719749451, 0.21426048874855042]","[424.54522705078125, 292.78662109375]","[0.0, 0.0]"
-1,None,"[0.6156010627746582, 0.21545755863189697]","[415.2103576660156, 288.41162109375]","[0.0, 0.0]"
-1,None,"[0.605411946773529, 0.19800448417663574]","[416.2769470214844, 289.29876708984375]","[0.0, 0.0]"
-1,None,"[0.5786739587783813, 0.19120508432388306]","[419.6629638671875, 292.32012939453125]","[0.0, 0.0]"
-1,None,"[0.602868378162384, 0.19333839416503906]","[419.6477355957031, 294.5059509277344]","[0.0, 0.0]"
-1,None,"[0.566400945186615, 0.19954097270965576]","[425.3183898925781, 286.66278076171875]","[0.0, 0.0]"
-1,None,"[0.5395584106445312, 0.198465496301651]","[424.6407165527344, 293.35699462890625]","[0.0, 0.0, 0.0]"
-1,None,"[0.5109347701072693, 0.20260964334011078]","[425.3407897949219, 287.7773132324219]","[0.0, 0.0, 0.0]"
-1,None,"[0.460552453994751, 0.20109178125858307]","[417.8231506347656, 292.4401550292969]","[0.0, 0.0, 0.0]"
-1,None,"[0.4735412895679474, 0.20268471539020538]","[404.7176208496094, 288.88360595703125]","[0.0, 0.0]"
-1,None,"[0.4774339497089386, 0.17790712416172028]","[396.2447204589844, 287.627685546875]","[0.0, 0.0]"
-1,None,"[0.4555622935295105, 0.21026796102523804]","[387.38568115234375, 287.32666015625]","[0.0, 0.0, 0.0]"
-1,None,"[0.45444396138191223, 0.1957656890153885]","[370.31414794921875, 292.32470703125]","[0.0, 0.0]"
-1,None,"[0.4741709530353546, 0.20040862262248993]","[356.3851623535156, 289.9097595214844]","[0.0, 0.0]"
-1,None,"[0.46076714992523193, 0.22950462996959686]","[339.1185607910156, 287.1951904296875]","[0.0, 0.0, 0.0]"
-1,None,"[0.44998860359191895, 0.23399201035499573]","[332.2701416015625, 291.3817443847656]","[0.0, 0.0]"
-1,None,"[0.4608660638332367, 0.22215482592582703]","[321.02984619140625, 286.70556640625]","[0.0, 0.0, 0.0]"
-1,None,"[0.47803470492362976, 0.21967674791812897]","[310.29852294921875, 282.7834167480469]","[0.0, 0.0, 0.0]"
-1,None,"[0.46334919333457947, 0.2278372198343277]","[299.247314453125, 288.2624816894531]","[0.0, 0.0]"
-1,None,"[0.4998081922531128, 0.225651353597641]","[295.5438537597656, 292.6089782714844]","[0.0, 0.0]"
-1,None,"[0.5089776515960693, 0.2113720029592514]","[294.93994140625, 288.2295837402344]","[0.0, 0.0]"
-1,None,"[0.4800439774990082, 0.22184635698795319]","[296.80169677734375, 291.2375793457031]","[0.0, 0.0, 0.0]"
-1,None,"[0.5036121010780334, 0.20562835037708282]","[300.7607727050781, 293.804931640625]","[0.0, 0.0]"
-1,None,"[0.5245959758758545, 0.19588425755500793]","[295.6932067871094, 294.9160461425781]","[0.0, 0.0, 0.0]"
-1,None,"[0.5289461016654968, 0.1942170113325119]","[296.0159912109375, 294.77825927734375]","[0.0, 0.0, 0.0]"
-1,None,"[0.5734860897064209, 0.21130123734474182]","[301.1763610839844, 296.14984130859375]","[0.0, 0.0, 0.0]"
-1,None,"[0.5939171314239502, 0.24432390928268433]","[297.63885498046875, 295.32427978515625]","[0.0, 0.0, 0.0]"
-1,None,"[0.2236897051334381, 0.6290342211723328]","[292.0395202636719, 299.2576904296875]","[0.0, 0.0, 0.0]"
-1,None,"[0.21066376566886902, 0.7020071148872375]","[295.1893005371094, 301.8023986816406]","[0.0, 0.0]"
-1,None,"[0.23246906697750092, 0.716427743434906]","[298.0606994628906, 311.593017578125]","[0.0, 0.0]"
-1,None,"[0.24656178057193756, 0.7462485432624817]","[302.81097412109375, 303.6610107421875]","[0.0, 0.0, 0.0]"
-1,None,"[0.23058734834194183, 0.7895983457565308]","[301.4873046875, 304.6748352050781]","[0.0, 0.0, 0.0]"
-1,None,"[0.21588751673698425, 0.7848959565162659]","[302.4881591796875, 301.3334045410156]","[0.0, 0.0]"
-1,None,"[0.2592889368534088, 0.7257992029190063]","[297.39581298828125, 307.7655334472656]","[0.0, 0.0, 0.0]"
-1,None,"[0.2547820210456848, 0.6689549088478088, 0.7590484619140625]","[297.7117614746094, 308.9537658691406, 308.9537658691406]","[0.0, 0.0]"
-1,None,"[0.24707067012786865, 0.603977382183075]","[296.7646484375, 280.771240234375]","[0.0, 0.0]"
-1,None,"[0.25126519799232483, 0.543294370174408]","[291.01251220703125, 272.2805480957031]","[0.0, 0.0]"
-1,None,"[0.26033031940460205, 0.5773723721504211]","[286.82391357421875, 286.6591491699219]","[0.0, 0.0]"
-1,None,"[0.2650196850299835, 0.6781525015830994]","[285.2347412109375, 277.428466796875]","[0.0, 0.0]"
-1,None,"[0.24430915713310242, 0.707014799118042]","[289.97607421875, 237.0768585205078]","[0.0, 0.0]"
-1,None,"[0.24954475462436676, 0.7126356959342957]","[295.5711975097656, 253.11532592773438]","[0.0, 0.0]"
-1,None,"[0.2798614799976349, 0.7084834575653076]","[297.2860412597656, 270.9584045410156]","[0.0, 0.0]"
-1,None,"[0.26829203963279724, 0.7017449140548706]","[316.5785827636719, 247.5147705078125]","[0.0, 0.0, 0.0]"
-1,None,"[0.28234755992889404, 0.70997154712677]","[319.3851623535156, 255.956298828125]","[0.0, 0.0, 0.0]"
-1,None,"[0.26038357615470886, 0.6677126288414001]","[349.59710693359375, 251.96876525878906]","[0.0, 0.0]"
-1,None,"[0.2725304663181305, 0.6450091004371643]","[364.0697937011719, 249.11227416992188]","[0.0, 0.0]"
-1,None,"[0.23439419269561768, 0.6635404825210571]","[380.4786682128906, 251.84512329101562]","[0.0, 0.0, 0.0]"
-1,None,"[0.16500824689865112, 0.6785604953765869]","[396.7410888671875, 256.16064453125]","[0.0, 0.0, 0.0]"
1,HoC + Pose to start IoU,"[0.1717769056558609, 0.648972749710083]","[0.09075665473937988, 261.92596435546875]","[0.0, 0.0, 0.0]"
1,IoU,"[0.16289235651493073, 0.6615480780601501]","[424.89837646484375, 272.33831787109375]","[1.0, 0.0]"
1,IoU,"[0.16392573714256287, 0.6738923192024231]","[0.0863235592842102, 261.63134765625]","[0.9160960912704468, 0.0]"
1,IoU,"[0.1664963811635971, 0.6806507110595703]","[442.2732238769531, 263.71337890625]","[0.8730220198631287, 0.0]"
2,IoU,"[0.1875144988298416, 0.6494958996772766]","[434.28485107421875, 275.3415832519531]","[0.0, 0.9241743683815002, 0.0]"
1,IoU,"[0.6586464643478394, 0.17882102727890015]","[270.9139099121094, 443.7634582519531]","[0.9652798771858215, 0.0]"
1,IoU,"[0.17524585127830505, 0.6969567537307739]","[446.59991455078125, 265.0798034667969]","[0.9058694243431091, 0.0]"
1,IoU,"[0.21842405200004578, 0.6799245476722717]","[473.2537841796875, 271.3514099121094]","[0.9014701247215271, 0.0, 0.0]"
1,IoU,"[0.2375134825706482, 0.6677964329719543]","[444.7895812988281, 264.62445068359375]","[0.922544538974762, 0.0, 0.0]"
1,IoU,"[0.24701793491840363, 0.6822412610054016]","[457.731689453125, 278.075439453125]","[0.9366230368614197, 0.0, 0.0]"
1,IoU,"[0.24639654159545898, 0.6848742365837097]","[0.0835920125246048, 278.6496887207031]","[0.934918224811554, 0.0]"
1,IoU,"[0.25748151540756226, 0.6881755590438843]","[0.07470236718654633, 275.68084716796875]","[0.9178837537765503, 0.0, 0.0]"
1,IoU,"[0.2316412478685379, 0.6929280757904053]","[0.08128246665000916, 280.1105651855469]","[0.9431445598602295, 0.0, 0.0]"
1,IoU,"[0.2628471255302429, 0.6680780649185181]","[0.0850551426410675, 267.93353271484375]","[0.9544652104377747, 0.0, 0.0]"
1,IoU,"[0.26246345043182373, 0.6533406376838684]","[0.08972817659378052, 266.5983581542969]","[0.9673417210578918, 0.0, 0.0]"
1,IoU,"[0.22781741619110107, 0.6678749918937683]","[0.08390426635742188, 267.0790710449219]","[0.9701342582702637, 0.0]"
1,IoU,"[0.21234026551246643, 0.6776790022850037]","[0.0802161693572998, 266.82830810546875]","[0.9760147333145142, 0.0, 0.0]"
1,IoU,"[0.21935614943504333, 0.674286961555481]","[0.0823441594839096, 274.37384033203125]","[0.9567248225212097, 0.0, 0.0]"
1,IoU,"[0.21596336364746094, 0.6734650135040283]","[0.08170075714588165, 271.94635009765625]","[0.9510782957077026, 0.0]"
1,IoU,"[0.1819736808538437, 0.692064106464386]","[455.8937072753906, 270.4052429199219]","[0.9659251570701599, 0.0]"
1,IoU,"[0.18929727375507355, 0.6818850040435791]","[0.07330270111560822, 265.1815185546875]","[0.9412750601768494, 0.0, 0.0]"
1,IoU,"[0.17106539011001587, 0.6696905493736267]","[463.9875793457031, 263.7577209472656]","[0.9216373562812805, 0.0, 0.0]"
1,IoU,"[0.1704941689968109, 0.6544798612594604]","[0.07040247321128845, 273.78729248046875]","[0.9265666604042053, 0.0, 0.0]"
1,IoU,"[0.13499148190021515, 0.684119462966919]","[0.0719120055437088, 268.2771911621094]","[0.8853342533111572, 0.0]"
1,IoU,"[0.10694385319948196, 0.6726933717727661]","[0.0696190744638443, 272.9003601074219]","[0.8887174725532532, 0.0]"
1,IoU,"[0.08951622247695923, 0.6817024946212769]","[459.7613525390625, 274.5834655761719]","[0.9088414311408997, 0.0, 0.0]"
1,IoU,"[0.07718615233898163, 0.6756932139396667]","[466.4872131347656, 267.3187561035156]","[0.9191681742668152, 0.0, 0.0]"
1,IoU,"[0.08287618309259415, 0.6724963188171387]","[0.06284540891647339, 267.3431701660156]","[0.9263404011726379, 0.0, 0.0]"
1,HoC + Pose,"[0.06903062760829926, 0.6661302447319031]","[0.06294424831867218, 269.655517578125]","[0.0, 0.9875838756561279]"
2,HoC + Pose to start IoU,"[0.6507611870765686, 0.06859897822141647]","[269.368408203125, 0.06285704672336578]","[0.0, 0.0]"
2,IoU,"[0.6469751000404358, 0.061061110347509384]","[267.74627685546875, 0.05953012406826019]","[0.0, 1.0, 0.0224339347332716]"
1,IoU,"[0.052643876522779465, 0.6699932813644409]","[470.3784484863281, 273.1690673828125]","[1.0, 0.0, 0.022173047065734863, 0.012565131299197674]"
2,IoU,"[0.7147626280784607, 0.05409574881196022]","[272.95330810546875, 0.050460085272789]","[0.0, 0.9928771257400513, 0.024188777431845665]"
1,HoC + Pose,"[0.06144120544195175, 0.7048406600952148]","[0.04637475311756134, 273.8351745605469]","[0.0, 0.9678519368171692]"
1,HoC + Pose to start IoU,"[0.06634195148944855, 0.716821551322937]","[0.04989968240261078, 264.3702087402344]","[0.0, 0.0, 0.0]"
1,IoU,"[0.0714334100484848, 0.7046107649803162]","[0.050460219383239746, 264.1864318847656]","[1.0, 0.0, 0.0]"
1,IoU,"[0.09477937966585159, 0.707355260848999]","[0.04809509217739105, 265.69549560546875]","[0.9659376740455627, 0.0, 0.0]"
1,IoU,"[0.09118875861167908, 0.7201424241065979]","[0.045853614807128906, 268.05364990234375]","[0.9379662275314331, 0.0, 0.0]"
1,IoU,"[0.08667324483394623, 0.7139507532119751]","[0.044239506125450134, 264.0581970214844]","[0.9584749341011047, 0.0, 0.0]"
1,IoU,"[0.09236443042755127, 0.7138961553573608]","[0.04118414223194122, 266.42486572265625]","[0.9665566086769104, 0.0]"
1,IoU,"[0.08772526681423187, 0.7279403209686279]","[0.04118452966213226, 267.35321044921875]","[0.9129074215888977, 0.0, 0.0]"
1,IoU,"[0.09821262210607529, 0.7176418304443359]","[0.03445392847061157, 271.0866394042969]","[0.9479085803031921, 0.0, 0.0]"
1,IoU,"[0.08887317776679993, 0.7243886590003967]","[0.029531165957450867, 269.8851318359375]","[0.956199586391449, 0.0, 0.0, 0.0]"
1,IoU,"[0.08103485405445099, 0.7189984321594238]","[0.024124890565872192, 272.5653381347656]","[0.926999032497406, 0.0, 0.0]"
1,IoU,"[0.07301931083202362, 0.7274801135063171]","[0.021000519394874573, 282.2152099609375]","[0.9450877904891968, 0.0, 0.0, 0.0]"
1,HoC + Pose,"[0.07207424193620682, 0.7382937669754028]","[0.018612563610076904, 275.5771789550781]","[0.0, 0.9417880177497864, 0.0]"
2,HoC + Pose to start IoU,"[0.7041170001029968, 0.07255610078573227]","[279.6365661621094, 0.017337292432785034]","[0.0, 0.0, 0.0]"
2,IoU,"[0.7195444107055664, 0.0688982605934143]","[269.9102783203125, 0.017029911279678345]","[0.0, 1.0]"
2,IoU,"[0.7249023914337158, 0.07436441630125046]","[266.027099609375, 0.01576004922389984]","[0.0, 0.8623243570327759, 0.0]"
2,IoU,"[0.7086834907531738, 0.07293639332056046]","[269.6626281738281, 544.8903198242188]","[0.0, 0.9247775077819824, 0.0]"
2,IoU,"[0.7212656140327454, 0.07394671440124512]","[280.94378662109375, 541.8766479492188]","[0.0, 0.9612298011779785, 0.0]"
2,IoU,"[0.724388837814331, 0.0775766521692276]","[270.8041687011719, 546.1536865234375]","[0.0, 0.9893706440925598]"
2,IoU,"[0.7465469837188721, 0.0718984603881836]","[282.1300048828125, 547.2798461914062]","[0.0, 0.9877837300300598, 0.0]"
2,IoU,"[0.742925226688385, 0.07200383394956589]","[271.9388732910156, 541.2891845703125]","[0.0, 0.9815717339515686]"
2,IoU,"[0.7375501394271851, 0.07859266549348831]","[269.2659912109375, 541.21337890625]","[0.0, 0.9876685738563538, 0.0]"
2,IoU,"[0.7381944060325623, 0.08542749285697937]","[274.0850830078125, 538.2876586914062]","[0.0, 0.9831053018569946, 0.0]"
2,IoU,"[0.7285230159759521, 0.08646827936172485]","[272.2705993652344, 539.3297119140625]","[0.0, 0.9877572655677795, 0.0]"
2,IoU,"[0.7435613870620728, 0.09116563200950623]","[271.9339294433594, 534.007080078125]","[0.0, 0.9529563188552856, 0.0]"
2,IoU,"[0.7515584230422974, 0.09322800487279892]","[271.0538330078125, 538.3941650390625]","[0.0, 0.9760025143623352, 0.0]"
2,IoU,"[0.7467735409736633, 0.08920387923717499]","[271.1233215332031, 536.8759765625]","[0.0, 0.9790215492248535]"
2,IoU,"[0.744338870048523, 0.0898580253124237]","[269.2375183105469, 532.3863525390625]","[0.0, 0.9613659381866455, 0.0]"
2,IoU,"[0.7314478158950806, 0.09783564507961273]","[270.7250061035156, 523.9070434570312]","[0.0, 0.9367270469665527, 0.0]"
1,IoU,"[0.713728666305542, 0.11013399809598923]","[269.01861572265625, 522.7664184570312]","[0.856407642364502, 0.0, 0.0]"
1,IoU,"[0.1128455251455307, 0.7412160038948059, 1.3520047664642334]","[512.3085327148438, 269.11004638671875, -1.0]","[0.8060973286628723, 0.0]"
1,IoU,"[0.0943765789270401, 0.7277092337608337]","[0.025248929858207703, 268.3801574707031]","[0.8846847414970398, 0.0, 0.0]"
1,IoU,"[0.0896410346031189, 0.7210369110107422]","[0.023207515478134155, 270.0452880859375]","[0.9011350274085999, 0.0]"
1,IoU,"[0.09109854698181152, 0.7239062786102295]","[0.03052203357219696, 270.5067138671875]","[0.8868368864059448, 0.0, 0.0]"
1,IoU,"[0.10888851433992386, 0.7469427585601807]","[0.036861151456832886, 271.5835266113281]","[0.8899747133255005, 0.0, 0.0]"
1,IoU,"[0.09422063827514648, 0.726780891418457, 1.3418917655944824]","[0.03558596968650818, 271.61700439453125, -1.0]","[0.9031164646148682, 0.0, 0.0]"
1,IoU,"[0.10020823031663895, 0.7113940119743347]","[0.045391395688056946, 272.9580383300781]","[0.9000141024589539, 0.006208155769854784, 0.0]"
1,IoU,"[0.11092683672904968, 0.7014645934104919]","[0.054716676473617554, 276.29010009765625]","[0.8939583897590637, 0.015802977606654167, 0.0]"
1,IoU,"[0.12916570901870728, 0.7056654095649719]","[0.06679102778434753, 283.283203125]","[0.8779689073562622, 0.03047511726617813, 0.0]"
1,IoU,"[0.15512602031230927, 0.711254894733429]","[0.0763428807258606, 269.8177795410156]","[0.8845993876457214, 0.04544149711728096]"
1,IoU,"[0.17904405295848846, 0.7201215028762817]","[0.08061151206493378, 282.4110107421875]","[0.8942792415618896, 0.04879483953118324]"
1,IoU,"[0.18820054829120636, 0.7149105668067932]","[0.08463479578495026, 278.3351745605469]","[0.9224473237991333, 0.05196746066212654, 0.0, 0.0]"
1,IoU,"[0.19315223395824432, 0.7184951901435852]","[0.0907582938671112, 282.5785827636719]","[0.9392317533493042, 0.05459018424153328]"
1,IoU,"[0.20859314501285553, 0.7129796743392944]","[0.0963001549243927, 281.0783386230469]","[0.9472460150718689, 0.058137666434049606, 0.0]"
1,IoU,"[0.21823358535766602, 0.7120288610458374]","[325.70068359375, 277.1079406738281]","[0.9564571380615234, 0.05985386669635773]"
1,IoU,"[0.24200160801410675, 0.7003618478775024]","[315.2393798828125, 272.4840393066406]","[0.9773058891296387, 0.06821179389953613, 0.0]"
1,IoU,"[0.24442239105701447, 0.7191047668457031]","[311.60980224609375, 267.8117980957031]","[0.9591872096061707, 0.07420297712087631, 0.0]"
1,IoU,"[0.24496284127235413, 0.708516538143158]","[314.7261657714844, 268.1407165527344]","[0.9179995656013489, 0.09307961910963058, 0.0]"
1,IoU,"[0.23504211008548737, 0.681102991104126, 1.3372670412063599]","[319.84375, 272.85968017578125, -1.0]","[0.8665720224380493, 0.09440205991268158, 0.0]"
1,IoU,"[0.22000546753406525, 0.6653732061386108]","[333.35064697265625, 255.12440490722656]","[0.8317570090293884, 0.07674187421798706, 0.0]"
1,IoU,"[0.20149359107017517, 0.6562249660491943, 1.2711890935897827]","[0.08873899281024933, 257.7244567871094, -1.0]","[0.8445263504981995, 0.05765887722373009, 0.0]"
1,HoC + Pose to start IoU,"[0.18995586037635803, 0.6590307354927063]","[0.08586454391479492, 255.3828582763672]","[0.772497832775116, 0.06117194518446922, 0.0]"
1,IoU,"[0.16060960292816162, 0.6583546996116638]","[376.4737243652344, 254.07164001464844]","[1.0, 0.0, 0.0]"
1,IoU,"[0.1257847398519516, 0.6655965447425842]","[0.06979145109653473, 254.92127990722656]","[0.9104204773902893, 0.0]"
1,IoU,"[0.11536961048841476, 0.6469467878341675]","[0.062454670667648315, 258.2187194824219]","[0.8185176253318787, 0.0]"
1,HoC + Pose to start IoU,"[0.08951721340417862, 0.6647495031356812]","[0.052920594811439514, 259.577392578125]","[0.7816849946975708, 0.0]"
1,IoU,"[0.09466685354709625, 0.6706400513648987]","[465.4982604980469, 258.5083923339844]","[1.0, 0.0, 0.0]"
2,IoU,"[0.09165269881486893, 0.6472795009613037]","[498.2627258300781, 260.6319274902344]","[0.0, 0.9420661926269531, 0.0]"
2,IoU,"[0.6518001556396484, 0.12497249245643616, 1.042758822441101]","[264.06170654296875, 513.67431640625, 264.06170654296875]","[0.0, 0.9402694702148438, 0.0]"
1,IoU,"[0.6561717391014099, 0.13701722025871277]","[267.469970703125, 510.0797424316406]","[0.8814536333084106, 0.0, 0.0, 0.0]"
1,IoU,"[0.11960151791572571, 0.6734065413475037, 1.3334814310073853]","[510.9596862792969, 261.12518310546875, 261.12518310546875]","[0.8996522426605225, 0.0, 0.0, 0.0]"
1,IoU,"[0.13975177705287933, 0.6390640735626221, 1.303389549255371]","[506.1554870605469, 267.8893127441406, 267.8893127441406]","[0.9417645931243896, 0.0, 0.0, 0.0]"
1,IoU,"[0.135181725025177, 0.6435550451278687, 1.2125967741012573]","[503.0706481933594, 262.6081848144531, 262.6081848144531]","[0.9612166285514832, 0.0, 0.0]"
1,IoU,"[0.14952801167964935, 0.6174768805503845]","[503.197509765625, 263.7809753417969]","[0.8566392660140991, 0.0]"
1,IoU,"[0.14937281608581543, 0.6056939959526062]","[504.4828796386719, 260.96728515625]","[0.9211719632148743, 0.0]"
1,IoU,"[0.12894539535045624, 0.5975625514984131]","[507.01470947265625, 265.0342102050781]","[0.9245491623878479, 0.0]"
1,IoU,"[0.12947487831115723, 0.6120019555091858]","[507.9866943359375, 263.7598571777344]","[0.8626427054405212, 0.0, 0.0, 0.0, 0.0]"
1,IoU,"[0.13654710352420807, 0.6550073623657227, 0.5778588056564331, 1.2703496217727661]","[512.0576782226562, 269.6405334472656, 269.6405334472656, 269.6405334472656]","[0.9088174104690552, 0.0, 0.0]"
1,IoU,"[0.11198367923498154, 0.7171815633773804, 0.5462532043457031]","[497.8817443847656, 261.91644287109375, 261.91644287109375]","[0.9706011414527893, 0.0, 0.0]"
1,IoU,"[0.11815299093723297, 0.703536868095398, 0.5575211048126221]","[507.30560302734375, 265.1202697753906, 265.1202697753906]","[0.963434636592865, 0.0, 0.0, 0.0]"
1,IoU,"[0.11379628628492355, 0.6948909163475037, 0.5217834115028381]","[502.34039306640625, 267.7120056152344, 267.7120056152344]","[0.8797893524169922, 0.0, 0.0, 0.0]"
1,IoU,"[0.12050288915634155, 0.7169098854064941, 1.356889009475708]","[506.0055847167969, 272.3080749511719, 272.3080749511719]","[0.8778001070022583, 0.0, 0.0]"
1,IoU,"[0.12472575902938843, 0.7549501657485962]","[508.7030029296875, 269.1532287597656]","[0.8784248232841492, 0.0, 0.0, 0.0]"
1,IoU,"[0.12735143303871155, 0.7394320964813232, 1.3820518255233765]","[507.8726806640625, 263.00738525390625, 263.00738525390625]","[0.9107861518859863, 0.0, 0.0]"
1,IoU,"[0.14590850472450256, 0.7189751863479614]","[506.79705810546875, 269.71435546875]","[0.9365295171737671, 0.0]"
1,IoU,"[0.11894916743040085, 0.7270411252975464]","[506.1315612792969, 270.4778137207031]","[0.9569637179374695, 0.0, 0.0]"
1,IoU,"[0.11227212846279144, 0.740974485874176]","[0.020822688937187195, 272.7709655761719]","[0.9663392305374146, 0.0, 0.0]"
1,IoU,"[0.13543683290481567, 0.7369169592857361]","[0.020993098616600037, 267.49078369140625]","[0.9372466802597046, 0.0]"
1,IoU,"[0.12559133768081665, 0.7325107455253601]","[508.87591552734375, 262.6725769042969]","[0.9483386874198914, 0.0, 0.0]"
1,IoU,"[0.12177295237779617, 0.7208176851272583]","[0.015489354729652405, 266.26806640625]","[0.9531480669975281, 0.0]"
1,IoU,"[0.11186687648296356, 0.7162920236587524]","[519.4037475585938, 265.0121154785156]","[0.9924265742301941, 0.0, 0.0]"
1,IoU,"[0.11830835789442062, 0.7207403779029846]","[527.3684692382812, 270.93597412109375]","[0.9336191415786743, 0.0, 0.0]"
1,IoU,"[0.11296981573104858, 0.7237569689750671]","[0.0014686435461044312, 271.295654296875]","[0.916795551776886, 0.0]"
1,IoU,"[0.09843152016401291, 0.7144043445587158]","[0.002211272716522217, 279.5563659667969]","[0.8661733865737915, 0.0]"
1,HoC + Pose,"[0.08612514287233353, 0.7290727496147156]","[0.0028972625732421875, 263.38836669921875]","[0.0, 0.8898124098777771, 0.0]"
2,HoC + Pose to start IoU,"[0.7266346216201782, 0.07698610424995422]","[267.8944091796875, 0.0019373297691345215]","[0.0, 0.0, 0.0]"
2,IoU,"[0.718824565410614, 0.09572753310203552, 1.3858815431594849]","[281.5196838378906, 0.0014469027519226074, 281.5196838378906]","[0.0, 1.0, 0.020333468914031982]"
2,IoU,"[0.10134885460138321, 0.7293201088905334]","[553.9169311523438, 280.13775634765625]","[0.0, 0.9787622094154358]"
1,HoC + Pose,"[0.11120281368494034, 0.7271451950073242]","[0.0032340437173843384, 270.0229187011719]","[0.0, 0.988261342048645, 0.024326175451278687]"
1,HoC + Pose to start IoU,"[0.1054830402135849, 0.7354229092597961]","[0.006434127688407898, 270.9705505371094]","[0.0, 0.0, 0.0]"
1,IoU,"[0.0941489040851593, 0.7583765387535095]","[0.01574517786502838, 283.87261962890625]","[1.0, 0.0, 0.0]"
1,IoU,"[0.0960540771484375, 0.7702541947364807, 1.3504613637924194]","[511.7125549316406, 284.1070556640625, -1.0]","[0.9709655046463013, 0.0]"
1,IoU,"[0.10999482125043869, 0.749131977558136]","[505.0849914550781, 282.0495910644531]","[0.9381600618362427, 0.0, 0.0]"
1,IoU,"[0.0996575802564621, 0.7463763952255249]","[495.4386291503906, 283.57965087890625]","[0.9682925343513489, 0.0]"
1,IoU,"[0.09670338034629822, 0.7743347883224487]","[488.2447204589844, 271.346435546875]","[0.9612864255905151, 0.0, 0.0]"
1,IoU,"[0.09928976744413376, 0.7376431822776794, 1.2657865285873413]","[485.5225524902344, 269.3888244628906, -1.0]","[0.9579010009765625, 0.0]"
2,IoU,"[0.10448479652404785, 0.7273678779602051]","[480.4490661621094, 268.36181640625]","[0.0, 0.9384838938713074]"
2,IoU,"[0.7531872391700745, 0.10132944583892822]","[271.64410400390625, 481.2290954589844]","[0.0, 0.9618141651153564, 0.0]"
2,IoU,"[0.7693745493888855, 0.10659174621105194]","[272.3271789550781, 478.34619140625]","[0.0, 0.9527029395103455, 0.0]"
3,IoU,"[0.8044626116752625, 0.11485008150339127]","[278.02099609375, 471.5887145996094]","[0.0, 0.8944863677024841]"
3,IoU,"[0.7524082660675049, 0.08947285264730453]","[273.8917541503906, 472.5030212402344]","[0.0, 0.8238367438316345]"
2,IoU,"[0.7843031883239746, 0.09290098398923874]","[277.8429870605469, 470.3502502441406]","[0.0, 0.8853090405464172]"
3,IoU,"[0.782941460609436, 0.08607857674360275]","[274.6319580078125, 474.8092041015625]","[0.0, 0.9327513575553894]"
3,IoU,"[0.7919840812683105, 0.09598791599273682]","[272.899169921875, 469.9990539550781]","[0.0, 0.969467043876648]"
3,IoU,"[0.7944658994674683, 0.0955653041601181]","[282.93603515625, 460.10498046875]","[0.0, 0.9707531332969666]"
3,IoU,"[0.8162045478820801, 0.09647314250469208]","[283.6540832519531, 458.5928955078125]","[0.0, 0.9678682684898376]"
3,IoU,"[0.7840203046798706, 0.11566279828548431]","[282.6234436035156, 462.09619140625]","[0.0, 0.9478333592414856]"
3,IoU,"[0.783228874206543, 0.1108362227678299]","[278.8327331542969, 466.8692932128906]","[0.0, 0.9270527362823486, 0.0]"
2,IoU,"[0.7978160381317139, 0.1307772696018219]","[290.40423583984375, 468.2305603027344]","[0.0, 0.9092170596122742, 0.0]"
3,IoU,"[0.8004650473594666, 0.1275693029165268]","[291.6260986328125, 470.4556579589844]","[0.0, 0.9048044085502625, 0.0]"
3,IoU,"[0.7943550944328308, 0.1278846710920334]","[286.94073486328125, 476.5677795410156]","[0.0, 0.8836988806724548]"
3,IoU,"[0.7872264981269836, 0.13423427939414978]","[283.7335510253906, 483.0980529785156]","[0.0, 0.8885997533798218]"
3,IoU,"[0.8135575652122498, 0.13084135949611664]","[286.68988037109375, 488.8741760253906]","[0.0, 0.8946093916893005]"
3,IoU,"[0.8086601495742798, 0.12716318666934967]","[282.3262634277344, 492.98297119140625]","[0.0, 0.894168496131897]"
3,IoU,"[0.8212962746620178, 0.11068494617938995]","[282.6210632324219, 496.0776672363281]","[0.0, 0.90046626329422]"
3,IoU,"[0.8198228478431702, 0.10172612965106964]","[278.25152587890625, 497.3172302246094]","[0.0, 0.9001907110214233]"
3,IoU,"[0.8078847527503967, 0.09874960035085678]","[276.43023681640625, 501.3847351074219]","[0.0, 0.9234330058097839]"
3,IoU,"[0.8140388131141663, 0.09310856461524963]","[275.9454650878906, 497.859619140625]","[0.0, 0.9079673290252686]"
3,IoU,"[0.7890555262565613, 0.08276257663965225]","[280.3134460449219, 499.5903015136719]","[0.0, 0.8564649224281311]"
3,IoU,"[0.7825782895088196, 0.08206262439489365]","[277.7662353515625, 500.48052978515625]","[0.0, 0.8901946544647217]"
3,IoU,"[0.7745949625968933, 0.07180154323577881]","[279.02001953125, 503.7622985839844]","[0.0, 0.9200037717819214]"
3,IoU,"[0.7760170102119446, 0.0649058148264885]","[274.6139831542969, 506.5045471191406]","[0.0, 0.9362360835075378]"
2,IoU,"[0.7726591229438782, 0.06534015387296677]","[278.3486022949219, 504.7395935058594]","[0.9291147589683533, 0.0]"
1,IoU,"[0.06168273091316223, 0.7449278235435486]","[503.5545959472656, 277.489501953125]","[0.9054162502288818, 0.0]"
1,IoU,"[0.05893417075276375, 0.7901763916015625]","[0.023142129182815552, 285.1737976074219]","[0.8487282991409302, 0.0]"
1,IoU,"[0.06284545361995697, 0.8005340099334717]","[0.0159328430891037, 285.1369323730469]","[0.8596959114074707, 0.0]"
1,IoU,"[0.06749442964792252, 0.7972372174263]","[0.014337047934532166, 285.0496826171875]","[0.8722113370895386, 0.0]"
1,IoU,"[0.06600231677293777, 0.7912440896034241]","[0.008391618728637695, 292.9892272949219]","[0.8998029232025146, 0.0]"
1,IoU,"[0.06141740456223488, 0.7335233092308044]","[0.005062595009803772, 289.6650695800781]","[0.9057011008262634, 0.0]"
1,IoU,"[0.05198154225945473, 0.7531201243400574]","[0.00652843713760376, 284.3597717285156]","[0.9404274821281433, 0.0]"
1,HoC + Pose,"[0.0538041815161705, 0.7578181624412537]","[0.015206456184387207, 289.40936279296875]","[0.0, 0.9473803043365479]"
2,HoC + Pose to start IoU,"[0.7369314432144165, 0.04969070106744766]","[292.91015625, 0.016240611672401428]","[0.0, 0.0]"
2,IoU,"[0.7594442963600159, 0.0579456128180027]","[292.53265380859375, 0.016449615359306335]","[0.0, 1.0]"
1,HoC + Pose,"[0.06040525063872337, 0.718178391456604]","[0.018573150038719177, 291.5538330078125]","[0.0, 0.9746263027191162]"
1,HoC + Pose to start IoU,"[0.07474331557750702, 0.7462621331214905]","[0.023244500160217285, 290.36456298828125]","[0.0, 0.0]"
1,IoU,"[0.06385679543018341, 0.7227333784103394]","[0.020316198468208313, 285.5777893066406]","[1.0, 0.0]"
1,IoU,"[0.05451828986406326, 0.7156152725219727]","[0.029398113489151, 282.7648620605469]","[0.9759775996208191, 0.0]"
1,IoU,"[0.05749828368425369, 0.7213675379753113]","[0.02666643261909485, 296.414794921875]","[0.9200231432914734, 0.0]"
1,IoU,"[0.06333989650011063, 0.6767727732658386]","[0.03752925992012024, 279.1806335449219]","[0.9414696097373962, 0.0]"
1,IoU,"[0.050205349922180176, 0.6302233934402466]","[0.05180281400680542, 272.0078125]","[0.9330515265464783, 0.0, 0.0]"
1,IoU,"[0.05841686576604843, 0.6563521027565002]","[0.0617658793926239, 266.009765625]","[0.9400812387466431, 0.0]"
1,IoU,"[0.06453117728233337, 0.6756302118301392]","[0.06582874059677124, 266.4150695800781]","[0.9707606434822083, 0.0]"
1,IoU,"[0.056482333689928055, 0.6718471646308899]","[0.06225144863128662, 262.09869384765625]","[0.9785609245300293, 0.0]"
1,IoU,"[0.07172663509845734, 0.6860479116439819]","[0.07036834955215454, 265.3495788574219]","[0.9591065049171448, 0.0]"
1,IoU,"[0.07570092380046844, 0.7079818248748779]","[0.07972565293312073, 259.8844299316406]","[0.9434937238693237, 0.0017048652516677976]"
1,IoU,"[0.06366052478551865, 0.6927998661994934]","[0.08540394902229309, 260.5758361816406]","[0.9012453556060791, 0.0033743069507181644]"
1,IoU,"[0.0705319195985794, 0.7055060863494873]","[0.09979966282844543, 262.6681823730469]","[0.8715905547142029, 0.0]"
1,IoU,"[0.08463915437459946, 0.7075539231300354]","[0.11067378520965576, 262.87725830078125]","[0.8610880374908447, 0.0]"
1,IoU,"[0.08370663970708847, 0.7171255946159363]","[0.11952751874923706, 269.19342041015625]","[0.9028366208076477, 0.0]"
1,IoU,"[0.07475229352712631, 0.6993961930274963]","[-1.0, 265.7937316894531]","[0.9373030662536621, 0.0, 0.0]"
1,IoU,"[0.06920241564512253, 0.7190822958946228]","[0.11322429776191711, 260.77947998046875]","[0.9578619599342346, 0.0, 0.0]"
1,IoU,"[0.061267562210559845, 0.7064037322998047]","[0.12744975090026855, 270.25634765625]","[0.9534153342247009, 0.0]"
1,IoU,"[0.07182087749242783, 0.6992577910423279]","[0.13154393434524536, 268.3801574707031]","[0.9399631023406982, 0.0]"
2,IoU,"[0.08580096065998077, 0.7102817893028259]","[0.1491006314754486, 268.4763488769531]","[0.0, 0.9024760127067566, 0.0]"
1,IoU,"[0.722383975982666, 0.09924355149269104]","[275.4319763183594, 0.1588086485862732]","[0.940963864326477, 0.0]"
1,IoU,"[0.09468323737382889, 0.7227109670639038]","[0.15273374319076538, 272.9280700683594]","[0.9753971695899963, 0.0, 0.0]"
2,IoU,"[0.07811936736106873, 0.7171217203140259]","[0.14250215888023376, 278.1345520019531]","[0.0, 0.9128007888793945]"
3,IoU,"[0.7316291332244873, 0.06948850303888321]","[274.7395935058594, 0.14081960916519165]","[0.0, 0.9215682744979858]"
2,IoU,"[0.7400968670845032, 0.05920504033565521]","[272.7442932128906, 0.14094746112823486]","[0.0, 0.8893694281578064]"
2,IoU,"[0.7512139081954956, 0.08621487766504288]","[274.2950134277344, 0.1313861608505249]","[0.0, 0.847774088382721]"
2,IoU,"[0.7289612293243408, 0.10820026695728302]","[278.6940002441406, 0.12097448110580444]","[0.0, 0.9128438234329224]"
2,IoU,"[0.7398209571838379, 0.10869129747152328]","[277.05517578125, 0.1280316412448883]","[0.0, 0.9610573649406433]"
2,IoU,"[0.7605553865432739, 0.1416969746351242]","[279.53204345703125, 0.11857202649116516]","[0.0, 0.9684882760047913]"
2,IoU,"[0.766310453414917, 0.1510506272315979]","[280.99542236328125, 0.09064087271690369]","[0.0, 0.9444655179977417, 0.0]"
2,IoU,"[0.7731875777244568, 0.1160377711057663]","[282.8518981933594, 0.0929419994354248]","[0.0, 0.9716431498527527]"
2,IoU,"[0.7498533129692078, 0.10940460860729218]","[283.66259765625, 0.08201465010643005]","[0.0, 0.8844234347343445]"
2,HoC + Pose to start IoU,"[0.7402833104133606, 0.1114228293299675]","[284.906005859375, 0.07453247904777527]","[0.0, 0.7924968004226685, 0.0]"
2,IoU,"[0.7583708763122559, 0.14180970191955566]","[282.3293151855469, 0.06556841731071472]","[0.0, 1.0]"
2,IoU,"[0.7910992503166199, 0.15947341918945312]","[280.11383056640625, 0.04715090990066528]","[0.0, 0.9562039971351624]"
2,IoU,"[0.7996810078620911, 0.14588676393032074]","[279.3294372558594, 0.04371115565299988]","[0.0, 0.9711419939994812, 0.0]"
2,IoU,"[0.7877002358436584, 0.13372457027435303]","[284.38543701171875, 0.04431504011154175]","[0.0, 0.9597415328025818]"
2,IoU,"[0.7822448015213013, 0.11321820318698883]","[276.6286926269531, 0.047025471925735474]","[0.0, 0.9463625550270081, 0.0]"
2,IoU,"[0.7891030311584473, 0.10883156210184097]","[282.4233703613281, 0.04710596799850464]","[0.0, 0.9022305011749268, 0.0]"
2,IoU,"[0.7863220572471619, 0.10196442157030106]","[281.3785705566406, 0.048987239599227905]","[0.0, 0.9644593596458435]"
2,HoC + Pose,"[0.7654557824134827, 0.11377745866775513]","[277.4922790527344, 0.04673057794570923]","[0.9579448103904724, 0.0]"
1,HoC + Pose to start IoU,"[0.09953899681568146, 0.7808630466461182]","[0.04426687955856323, 277.6050109863281]","[0.0, 0.0, 0.0]"
2,HoC + Pose,"[0.7841343879699707, 0.09158806502819061]","[284.4576110839844, 0.04744243621826172]","[1.0, 0.0, 0.022707046940922737]"
2,HoC + Pose to start IoU,"[0.7699388265609741, 0.09083373844623566]","[277.7262268066406, 0.045675307512283325]","[0.0, 0.0]"
1,HoC + Pose,"[0.0996234342455864, 0.7846285700798035]","[0.05629083514213562, 280.1332092285156]","[0.0, 1.0, 0.02087928168475628]"
1,HoC + Pose to start IoU,"[0.0758930966258049, 0.7765222787857056]","[0.06066250801086426, 282.5777282714844]","[0.0, 0.0]"
1,IoU,"[0.09555751830339432, 0.7566810250282288]","[0.06307381391525269, 283.10137939453125]","[1.0, 0.0, 0.0]"
1,HoC + Pose,"[0.12322168052196503, 0.7595304846763611]","[0.06374996900558472, 284.4052429199219]","[0.0, 0.9588909149169922, 0.0]"
3,HoC + Pose to start IoU,"[0.7782508134841919, 0.10679354518651962]","[279.1633605957031, 0.05993950366973877]","[0.0, 0.0]"
1,HoC + Pose to start IoU,"[0.09871814399957657, 0.7538230419158936]","[0.07429811358451843, 282.12359619140625]","[0.0, 0.0, 0.0]"
2,HoC + Pose,"[0.7576907277107239, 0.08563093096017838]","[278.2967834472656, 0.09007033705711365]","[1.0, 0.0]"
3,HoC + Pose to start IoU,"[0.7465544939041138, 0.0803276002407074]","[277.2046203613281, 0.09331026673316956]","[0.0, 0.0, 0.0]"
-1,None,"[0.07538025081157684, 0.7916873693466187]","[636.48388671875, 272.7559509277344]","[0.0, 0.0, 0.0]"
-1,None,"[0.06856716424226761, 0.7661830186843872]","[0.19021180272102356, 273.4994201660156]","[0.0, 0.0, 0.0]"
-1,None,"[0.06910326331853867, 0.7467683553695679]","[0.13038772344589233, 277.0894775390625]","[0.0, 0.0]"
-1,None,"[0.06175053492188454, 0.7572900056838989]","[0.14683642983436584, 278.1905517578125]","[0.0, 0.0, 0.0]"
-1,None,"[0.06441538035869598, 0.7761396765708923]","[0.13041898608207703, 276.8382568359375]","[0.0, 0.0, 0.0]"
-1,None,"[0.07655324041843414, 0.7821622490882874]","[0.12956023216247559, 272.6845397949219]","[0.0, 0.0, 0.0, 0.0]"
-1,None,"[0.07781482487916946, 0.7623515725135803, 1.4068413972854614]","[0.13282829523086548, 267.4884338378906, 0.07851405441761017]","[0.0, 0.0, 0.0]"
-1,None,"[0.11286348104476929, 0.7592524290084839, 1.3640644550323486]","[0.14575591683387756, 268.8215026855469, 268.8215026855469]","[0.0, 0.0]"
-1,None,"[0.12002435326576233, 0.7377924919128418]","[0.15380725264549255, 267.9626159667969]","[0.0, 0.0, 0.0]"
-1,None,"[0.1206289753317833, 0.7460893392562866, 1.2979212999343872]","[0.21727889776229858, 267.88623046875, 0.08484087884426117]","[0.0, 0.0]"
1,HoC + Pose to start IoU,"[0.11388152837753296, 0.7345972061157227]","[-1.0, 270.2677917480469]","[0.0, 0.0]"
1,IoU,"[0.14984498918056488, 0.7286375761032104]","[-1.0, 263.732666015625]","[1.0, 0.03977472335100174, 0.0]"
1,IoU,"[0.20389214158058167, 0.7186022400856018]","[-1.0, 265.8077087402344]","[0.9469907283782959, 0.0368538424372673]"
1,IoU,"[0.22971093654632568, 0.713221549987793]","[-1.0, 279.6466064453125]","[0.8951558470726013, 0.007735237013548613]"
1,HoC + Pose to start IoU,"[0.24587637186050415, 0.7516371011734009]","[-1.0, 277.5517578125]","[0.7934482097625732, 0.0032472065649926662, 0.0]"
1,IoU,"[0.23347729444503784, 0.723635733127594]","[-1.0, 277.49945068359375]","[1.0, 0.0495842769742012]"
1,IoU,"[0.2113928198814392, 0.7055705189704895]","[-1.0, 264.3249206542969]","[0.8837054967880249, 0.05447423830628395, 0.0]"
1,HoC + Pose,"[0.16241805255413055, 0.6992524862289429]","[-1.0, 281.0537109375]","[0.919442892074585, 0.0656345784664154]"
2,HoC + Pose to start IoU,"[0.1395975947380066, 0.6946536898612976]","[-1.0, 276.3992004394531]","[0.0, 0.0, 0.0]"
3,HoC + Pose to start IoU,"[0.700806736946106, 0.15738946199417114]","[287.2328186035156, -1.0]","[0.0, 0.0]"
1,HoC + Pose to start IoU,"[0.16845421493053436, 0.6851284503936768]","[-1.0, 293.56829833984375]","[0.0, 0.0]"
4,HoC + Pose,"[0.7066768407821655, 0.15304158627986908]","[-1.0, -1.0]","[1.0, 0.15832753479480743]"
-1,None,"[0.12047308683395386, 0.7541096210479736]","[0.18883082270622253, -1.0]","[0.0, 0.0]"
-1,None,"[0.12231126427650452, 0.774764895439148]","[0.18646493554115295, 252.03004455566406]","[0.0, 0.0, 0.0]"
1,HoC + Pose to start IoU,"[0.11728638410568237, 0.7167927026748657]","[-1.0, -1.0]","[0.0, 0.0]"
1,IoU,"[0.08823841065168381, 0.7110258936882019]","[0.17416080832481384, 275.0760498046875]","[1.0, 0.09707847982645035]"
1,IoU,"[0.07536210864782333, 0.7378128170967102]","[-1.0, 274.3961486816406]","[0.8285533785820007, 0.08334804326295853]"
1,HoC + Pose to start IoU,"[0.07963208854198456, 0.732353925704956]","[-1.0, 280.2113037109375]","[0.7780019044876099, 0.08597330003976822, 0.0]"
1,IoU,"[0.0652870237827301, 0.7200511693954468]","[-1.0, 273.20941162109375]","[1.0, 0.0]"
2,HoC + Pose,"[0.7646698355674744, 0.06798209249973297]","[291.51287841796875, -1.0]","[0.9877750873565674, 0.0]"
3,HoC + Pose to start IoU,"[0.7934492826461792, 0.08667424321174622]","[278.84222412109375, -1.0]","[0.0, 0.0, 0.0, 0.0]"
3,IoU,"[0.7943934202194214, 0.08888550102710724, 1.5026873350143433]","[280.18902587890625, -1.0, 280.18902587890625]","[0.0, 1.0, 0.0]"
3,IoU,"[0.7819681763648987, 0.08755277097225189, 1.5285619497299194]","[279.4502258300781, 0.11681216955184937, 279.4502258300781]","[0.0, 0.9674204587936401, 0.0, 0.0]"
2,IoU,"[0.7692456841468811, 0.09933207184076309, 1.518418312072754]","[276.25762939453125, 0.10735464096069336, 276.25762939453125]","[0.9416511654853821, 0.0, 0.0, 0.0]"
2,HoC + Pose,"[0.08544346690177917, 0.7741942405700684, 1.4763312339782715]","[0.08558320999145508, 278.1306457519531, 278.1306457519531]","[0.9188143014907837, 0.0, 0.0]"
1,HoC + Pose to start IoU,"[0.09496448189020157, 0.8103710412979126, 1.4857780933380127]","[0.0691322386264801, 279.4205627441406, 279.4205627441406]","[0.0, 0.0, 0.0, 0.0]"
1,IoU,"[0.0882999449968338, 0.8188238739967346, 1.4896296262741089]","[0.07155075669288635, 276.54205322265625, 276.54205322265625]","[1.0, 0.0, 0.0, 0.0]"
1,IoU,"[0.08066856116056442, 0.8118473291397095, 1.4624521732330322]","[0.06838113069534302, 273.15045166015625, 273.15045166015625]","[0.9671435356140137, 0.0, 0.0, 0.0]"
1,IoU,"[0.07387369871139526, 0.800684928894043, 1.3638293743133545]","[0.07145696878433228, 275.345703125, 275.345703125]","[0.9869027137756348, 0.0, 0.0, 0.0]"
1,IoU,"[0.07288194447755814, 0.8475540280342102, 1.3711498975753784, 1.3920210599899292]","[0.06897982954978943, 276.34893798828125, 276.34893798828125, -1.0]","[0.9840248227119446, 0.0, 0.0, 0.0]"
1,IoU,"[0.11388255655765533, 0.874912440776825, 1.3783870935440063, 1.358410120010376]","[0.06833717226982117, 276.4987487792969, 276.4987487792969, -1.0]","[0.9545198082923889, 0.0, 0.0, 0.0]"
1,HoC + Pose,"[0.1263149529695511, 0.8350820541381836, 1.429019570350647]","[0.07424837350845337, 279.17852783203125, 279.17852783203125]","[0.8831794261932373, 0.0, 0.0]"
2,HoC + Pose to start IoU,"[0.11274037510156631, 0.7965290546417236, 1.3772621154785156]","[0.07229715585708618, 274.7876281738281, 274.7876281738281]","[0.0, 0.0, 0.0]"
1,HoC + Pose,"[0.09434289485216141, 0.7650343775749207, 1.247510552406311]","[0.07468798756599426, 271.25335693359375, 271.25335693359375]","[0.0, 1.0, 0.07532917708158493]"
1,HoC + Pose to start IoU,"[0.0719478502869606, 0.7204638123512268, 1.2203437089920044]","[0.09214690327644348, 266.9692077636719, 266.9692077636719]","[0.0, 0.0]"
1,IoU,"[0.08703280240297318, 0.7548119425773621]","[0.10451006889343262, 260.1111755371094]","[1.0, 0.0, 0.0]"
1,IoU,"[0.11916723102331161, 0.7346071600914001]","[0.1078575849533081, 263.5989074707031]","[0.9094324111938477, 0.0, 0.0]"
1,IoU,"[0.14568229019641876, 0.7265596389770508]","[0.13425716757774353, 263.4078369140625]","[0.8601670861244202, 0.0]"
1,IoU,"[0.1257658153772354, 0.6795318722724915]","[0.16896650195121765, 0.13861840963363647]","[0.9204545617103577, 0.004903827328234911, 0.0]"
1,IoU,"[0.08880604058504105, 0.6454722285270691]","[-1.0, 272.1089782714844]","[0.8943153619766235, 0.0, 0.0]"
1,IoU,"[0.1711248755455017, 0.645944356918335]","[-1.0, 260.321044921875]","[0.9336462616920471, 0.01716666668653488, 0.0]"
1,IoU,"[0.19796432554721832, 0.6360790133476257]","[-1.0, 258.1653137207031]","[0.9052802324295044, 0.01997019350528717, 0.0]"
1,IoU,"[0.24233603477478027, 0.6266339421272278]","[-1.0, 244.44422912597656]","[0.8714533448219299, 0.017694508656859398, 0.0]"
1,IoU,"[0.26963675022125244, 0.6621695756912231]","[-1.0, 0.06295473873615265]","[0.8203631639480591, 0.023211635649204254]"
1,HoC + Pose to start IoU,[0.2678675055503845],[-1.0],[0.7891548871994019]
1,IoU,[0.15171019732952118],[-1.0],"[1.0, 0.018086886033415794]"
1,HoC + Pose to start IoU,[0.15124265849590302],[-1.0],[0.789590060710907]
1,IoU,[0.2681123912334442],[-1.0],[1.0]
1,HoC + Pose to start IoU,[0.31890153884887695],[-1.0],[0.7849382758140564]
1,IoU,[0.4201575219631195],[-1.0],[1.0]
1,IoU,[0.42063087224960327],[-1.0],[0.8949448466300964]
1,HoC + Pose to start IoU,[0.41061970591545105],[-1.0],[0.7731715440750122]
1,IoU,[0.36400124430656433],[-1.0],"[1.0, 0.0879366472363472]"
1,HoC + Pose,"[0.44085821509361267, 1.203866720199585]","[-1.0, -1.0]","[0.9632368087768555, 0.05301100015640259]"
2,HoC + Pose to start IoU,[0.4228501319885254],[-1.0],[0.0]
-1,None,[0.6707009673118591],[-1.0],[0.0]
-1,None,[1.5300532579421997],[-1.0],"[0.0, 0.0]"
-1,None,"[0.8471108675003052, 1.551580786705017]","[253.7921600341797, 253.7921600341797]","[0.0, 0.0, 0.0]"
-1,None,"[0.8116207122802734, 1.5462315082550049, 1.2211312055587769]","[254.95632934570312, 254.95632934570312, 254.95632934570312]","[0.0, 0.0, 0.0]"
-1,None,"[0.7615622878074646, 1.4560282230377197, 1.3466957807540894]","[248.9578094482422, 248.9578094482422, 248.9578094482422]","[0.0, 0.0]"
-1,None,"[0.7603418827056885, 1.5480090379714966]","[253.33251953125, 253.33251953125]",[0.0]
-1,None,[0.725047767162323],[247.85035705566406],[0.0]
-1,None,[0.727479875087738],[245.4517364501953],"[0.0, 0.0]"
-1,None,"[0.7409483790397644, 1.3563475608825684]","[245.73715209960938, 245.73715209960938]","[0.0, 0.0]"
-1,None,"[0.7396560907363892, 1.3266396522521973]","[246.7745819091797, 246.7745819091797]","[0.0, 0.0]"
-1,None,"[0.7469481229782104, 1.3158169984817505]","[251.00181579589844, 251.00181579589844]",[0.0]
-1,None,[0.7476540207862854],[248.75918579101562],"[0.0, 0.0]"
-1,None,[0.7859163284301758],[257.2532043457031],[0.0]
-1,None,[0.711733877658844],[251.06663513183594],[0.0]
-1,None,[0.7009838223457336],[252.6738739013672],[0.0]
-1,None,[0.7337539196014404],[247.1368408203125],[0.0]
-1,None,[0.712247371673584],[246.1198272705078],[0.0]
-1,None,[0.6873704791069031],[249.55325317382812],[0.0]
-1,None,[0.6958613395690918],[249.6875],[0.0]
-1,None,[0.6749588847160339],[252.38021850585938],[0.0]
-1,None,[0.6591413617134094],[251.4600830078125],[0.0]
-1,None,[0.6869176030158997],[259.37628173828125],[0.0]
-1,None,[0.7021280527114868],[252.74911499023438],[0.0]
-1,None,[0.6919760704040527],[243.66946411132812],[0.0]
-1,None,[0.6775906682014465],[245.7198028564453],[0.0]
-1,None,[0.7166567444801331],[252.8329620361328],[0.0]
-1,None,[0.7225073575973511],[258.7029724121094],[0.0]
-1,None,[0.7348198890686035],[257.7160339355469],[0.0]
-1,None,[0.6998061537742615],[257.7792663574219],[0.0]
-1,None,[0.7311419248580933],[265.1116638183594],[0.0]
-1,None,[0.7332440614700317],[257.50677490234375],[0.0]
-1,None,[0.7537050247192383],[266.15679931640625],[0.0]
-1,None,[0.7548349499702454],[-1.0],[0.0]
-1,None,[0.7590046525001526],[253.75352478027344],[0.0]
-1,None,[0.7829042077064514],[253.6479949951172],[0.0]
-1,None,[0.8009729981422424],[250.87818908691406],[0.0]
-1,None,[0.7873736619949341],[248.23178100585938],[0.0]
-1,None,[0.776782214641571],[252.43113708496094],[0.0]
-1,None,[0.7634019255638123],[246.7745361328125],[0.0]
-1,None,[0.7777355909347534],[253.52818298339844],[0.0]
-1,None,[0.7437170743942261],[247.52413940429688],[0.0]
-1,None,[0.7773168087005615],[252.99168395996094],[0.0]
-1,None,[0.7530714869499207],[-1.0],[0.0]
-1,None,[0.7566115856170654],[257.4617004394531],[0.0]
-1,None,[0.7686881422996521],[260.35968017578125],[0.0]
-1,None,[0.7691006660461426],[248.43202209472656],[0.0]
-1,None,[0.7188603281974792],[-1.0],[0.0]
-1,None,[0.7143361568450928],[256.55206298828125],[0.0]
-1,None,[0.6990932822227478],[262.8692626953125],"[0.0, 0.0]"
-1,None,"[0.7541716694831848, 0.6818322539329529]","[286.16064453125, 286.16064453125]","[0.0, 0.0]"
-1,None,"[0.7285962700843811, 0.6640283465385437]","[-1.0, -1.0]","[0.0, 0.0]"
-1,None,"[0.7588458061218262, 0.6463503241539001]","[270.1534118652344, 270.1534118652344]","[0.0, 0.0]"
-1,None,"[0.7146763205528259, 0.6589705944061279]","[260.1872253417969, 260.1872253417969]","[0.0, 0.0]"
-1,None,"[0.6942319273948669, 0.6454981565475464]","[238.7427215576172, 238.7427215576172]","[0.0, 0.0]"
-1,None,"[0.596917450428009, 0.6059940457344055]","[263.7417297363281, 263.7417297363281]",[0.0]
-1,None,[0.6165065169334412],[266.2492980957031],[0.0]
-1,None,[0.6040646433830261],[264.93988037109375],[0.0]
-1,None,[0.5763277411460876],[257.371337890625],[0.0]
-1,None,[0.5694186687469482],[251.61898803710938],[0.0]
-1,None,[0.5851555466651917],[260.7050476074219],[0.0]
-1,None,[0.5660838484764099],[247.5629425048828],[0.0]
-1,None,[0.615074634552002],[256.06756591796875],[0.0]
-1,None,[0.5689834356307983],[265.5577087402344],[0.0]
-1,None,[0.5468528866767883],[247.36114501953125],[0.0]
-1,None,[0.6123154163360596],[252.8359832763672],"[0.0, 0.0]"
-1,None,[0.6260977983474731],[262.3962707519531],[0.0]
-1,None,[0.667549729347229],[257.2739562988281],[0.0]
-1,None,[0.7005460262298584],[270.6247863769531],[0.0]
-1,None,[0.7743062973022461],[257.0490417480469],"[0.0, 0.0]"
-1,None,[0.782086193561554],[269.3221130371094],[0.0]
-1,None,[0.7371712923049927],[266.4903869628906],[0.0]
-1,None,[0.6802546977996826],[257.9366760253906],[0.0]
-1,None,[0.6386026740074158],[261.284423828125],"[0.0, 0.0]"
-1,None,[0.6247835159301758],[243.4307098388672],[0.0]
-1,None,[0.6335802674293518],[242.45179748535156],[0.0]
-1,None,[0.6251881718635559],[247.97247314453125],"[0.0, 0.0]"
-1,None,[0.6448974013328552],[247.7819366455078],"[0.0, 0.0]"
-1,None,[0.6104437112808228],[247.6200714111328],[0.0]
-1,None,[0.6439201235771179],[250.9226837158203],[0.0]
-1,None,[0.6274940371513367],[247.9384002685547],[0.0]
-1,None,[0.6080787181854248],[258.34820556640625],[0.0]
-1,None,[0.6134842038154602],[250.1350860595703],"[0.0, 0.0]"
-1,None,[0.6414227485656738],[249.118896484375],"[0.0, 0.0]"
-1,None,[0.6336426138877869],[247.70602416992188],"[0.0, 0.0]"
-1,None,[0.6321917176246643],[253.56869506835938],"[0.0, 0.0]"
-1,None,[0.6587508916854858],[262.15667724609375],[0.0]
-1,None,[0.6505036950111389],[263.2962951660156],[0.0]
-1,None,[0.6422663927078247],[266.6496276855469],[0.0]
-1,None,[0.6502896547317505],[265.96112060546875],[0.0]
-1,None,[0.6544405221939087],[263.3287048339844],[0.0]
-1,None,[0.6627256274223328],[266.594482421875],[0.0]
-1,None,[0.6673018932342529],[261.0402526855469],"[0.0, 0.0]"
-1,None,[0.6735867261886597],[264.16558837890625],"[0.0, 0.0]"
-1,None,[0.6612536311149597],[262.3658447265625],[0.0]
-1,None,[0.6740444898605347],[260.0437927246094],[0.0]
-1,None,[0.6663447022438049],[261.80865478515625],[0.0]
-1,None,[0.6475154757499695],[260.6942138671875],[0.0]
-1,None,[0.649621844291687],[263.05096435546875],[0.0]
-1,None,[0.6456411480903625],[249.337158203125],[0.0]
-1,None,[0.6511634588241577],[262.3502502441406],"[0.0, 0.0]"
-1,None,[0.697586715221405],[263.5101013183594],[0.0]
-1,None,[0.6755266785621643],[247.85400390625],[0.0]
-1,None,[0.6602661609649658],[265.3725891113281],"[0.0, 0.0]"
-1,None,[0.6960873007774353],[263.0665588378906],"[0.0, 0.0]"
-1,None,[0.6764148473739624],[264.8538513183594],[0.0]
-1,None,[0.6556574106216431],[259.5060729980469],"[0.0, 0.0]"
-1,None,[0.6200136542320251],[261.6969909667969],[0.0]
-1,None,[0.6729358434677124],[260.10589599609375],[0.0]
-1,None,[0.67240309715271],[259.3710021972656],[0.0]
-1,None,[0.6668791770935059],[258.5454406738281],[0.0]
-1,None,[0.6744497418403625],[258.017333984375],[0.0]
-1,None,[0.6571211218833923],[258.68603515625],"[0.0, 0.0]"
-1,None,[0.6313937902450562],[263.4714050292969],"[0.0, 0.0]"
-1,None,[0.6375763416290283],[260.039306640625],"[0.0, 0.0]"
-1,None,[0.6637024283409119],[261.565673828125],[0.0]
-1,None,[0.6832517981529236],[256.5276184082031],[0.0]
-1,None,[0.6809325218200684],[258.8333740234375],[0.0]
-1,None,[0.6723647117614746],[258.1662292480469],[0.0]
-1,None,[0.6348481178283691],[257.7120361328125],[0.0]
-1,None,[0.6679561138153076],[259.1641845703125],[0.0]
-1,None,[0.6466031670570374],[258.2242431640625],[0.0]
-1,None,[0.6707916855812073],[256.4322814941406],"[0.0, 0.0]"
-1,None,[0.6343680620193481],[260.1393737792969],"[0.0, 0.0]"
-1,None,[0.6416296362876892],[260.07354736328125],"[0.0, 0.0]"
-1,None,[0.6795411109924316],[253.94912719726562],"[0.0, 0.0]"
-1,None,[0.6681275367736816],[258.30902099609375],[0.0]
-1,None,[0.6610112190246582],[254.61949157714844],"[0.0, 0.0]"
-1,None,[0.6744266152381897],[257.8340759277344],[0.0]
-1,None,[0.6405596137046814],[251.59654235839844],[0.0]
-1,None,[0.6551317572593689],[257.6177062988281],[0.0]
-1,None,[0.6600365042686462],[256.6385803222656],[0.0]
-1,None,[0.6540631651878357],[257.91107177734375],[0.0]
-1,None,[0.63470858335495],[260.2859802246094],[0.0]
-1,None,[0.6453335285186768],[256.3231506347656],[0.0]
-1,None,[0.6793032288551331],[259.4681091308594],[0.0]
-1,None,[0.6729053258895874],[260.1513977050781],[0.0]
-1,None,[0.6349541544914246],[261.43310546875],"[0.0, 0.0]"
-1,None,[0.685844361782074],[260.537109375],[0.0]
-1,None,[0.6547180414199829],[258.09039306640625],"[0.0, 0.0]"
-1,None,[0.6436479091644287],[264.4509582519531],"[0.0, 0.0]"
-1,None,[0.6503533720970154],[262.5824279785156],[0.0]
-1,None,[0.6855260729789734],[259.90625],"[0.0, 0.0]"
-1,None,[0.6846279501914978],[251.98912048339844],[0.0]
-1,None,[0.6733627915382385],[251.33444213867188],"[0.0, 0.0]"
-1,None,[0.6948742270469666],[259.46807861328125],"[0.0, 0.0]"
-1,None,[0.6466990113258362],[260.7571716308594],"[0.0, 0.0]"
-1,None,[0.6822995543479919],[262.1841125488281],[0.0]
-1,None,[0.6744521260261536],[251.10238647460938],"[0.0, 0.0]"
-1,None,[0.6855210065841675],[262.0059509277344],[0.0]
-1,None,[0.6691192984580994],[259.9939880371094],[0.0]
-1,None,[0.6933878660202026],[259.2462463378906],"[0.0, 0.0]"
-1,None,[0.6683213710784912],[257.6339416503906],"[0.0, 0.0]"
-1,None,[0.6725146770477295],[257.78900146484375],[0.0]
-1,None,[0.6579628586769104],[259.860595703125],[0.0]
-1,None,[0.6553083062171936],[257.47125244140625],[0.0]
-1,None,[0.6987579464912415],[259.85418701171875],"[0.0, 0.0]"
-1,None,[0.6846795678138733],[258.5184020996094],"[0.0, 0.0]"
-1,None,[0.6626713275909424],[260.47406005859375],[0.0]
-1,None,[0.6487069129943848],[256.7572326660156],"[0.0, 0.0]"
-1,None,[0.6731067299842834],[257.9783935546875],"[0.0, 0.0]"
-1,None,[0.6763948202133179],[260.43902587890625],[0.0]
-1,None,[0.6892812252044678],[259.2982482910156],"[0.0, 0.0]"
-1,None,[0.6912753582000732],[251.0385284423828],"[0.0, 0.0]"
-1,None,[0.6957644820213318],[259.56256103515625],[0.0]
-1,None,[0.661449670791626],[257.16864013671875],[0.0]
-1,None,[0.6579275727272034],[259.96099853515625],"[0.0, 0.0]"
-1,None,[0.6813210248947144],[261.14288330078125],"[0.0, 0.0]"
-1,None,[0.6608211994171143],[261.18133544921875],"[0.0, 0.0]"
-1,None,[0.6672408580780029],[257.4691162109375],"[0.0, 0.0]"
-1,None,[0.7047933340072632],[261.5920104980469],[0.0]
-1,None,[0.6917265057563782],[259.3996276855469],[0.0]
-1,None,[0.6956551671028137],[260.0356750488281],[0.0]
-1,None,[0.6699196696281433],[259.8592529296875],[0.0]
-1,None,[0.6479018330574036],[260.4529724121094],"[0.0, 0.0]"
-1,None,[0.6744604110717773],[259.3196105957031],"[0.0, 0.0]"
-1,None,[0.6650989055633545],[257.31475830078125],"[0.0, 0.0]"
-1,None,[0.6782498955726624],[260.1431579589844],[0.0]
-1,None,[0.6817390322685242],[261.32196044921875],[0.0]
-1,None,[0.6541889309883118],[258.099853515625],[0.0]
-1,None,[0.6896708011627197],[260.9887390136719],"[0.0, 0.0]"
-1,None,[0.683712363243103],[260.43646240234375],[0.0]
-1,None,[0.6514424085617065],[257.3251647949219],"[0.0, 0.0]"
-1,None,[0.6448992490768433],[258.046875],[0.0]
-1,None,[0.6540656685829163],[258.67071533203125],[0.0]
-1,None,[0.6700854897499084],[260.08642578125],[0.0]
-1,None,[0.6690168380737305],[259.2353820800781],"[0.0, 0.0]"
-1,None,[0.702671468257904],[260.9443054199219],[0.0]
-1,None,[0.6711759567260742],[259.0781555175781],"[0.0, 0.0]"
-1,None,[0.6583247780799866],[259.4635925292969],[0.0]
-1,None,[0.67055743932724],[259.7525329589844],"[0.0, 0.0]"
-1,None,[0.6751262545585632],[258.3636779785156],"[0.0, 0.0]"
-1,None,[0.7002587914466858],[259.3905944824219],[0.0]
-1,None,[0.6649309992790222],[260.00726318359375],[0.0]
-1,None,[0.6706474423408508],[258.52166748046875],"[0.0, 0.0]"
-1,None,[0.6730799078941345],[259.5577697753906],[0.0]
-1,None,[0.6492070555686951],[258.6990051269531],[0.0]
-1,None,[0.6400482654571533],[258.965576171875],"[0.0, 0.0]"
-1,None,[0.6509069800376892],[260.5361022949219],[0.0]
-1,None,[0.6474769115447998],[260.9673156738281],[0.0]
-1,None,[0.6588090062141418],[258.3733825683594],[0.0]
-1,None,[0.651302695274353],[256.9964294433594],[0.0]
-1,None,[0.6426663994789124],[257.19775390625],"[0.0, 0.0]"
-1,None,[0.642803430557251],[261.44683837890625],[0.0]
-1,None,[0.6537656188011169],[255.98892211914062],[0.0]
-1,None,[0.6730124950408936],[257.21087646484375],[0.0]
-1,None,[0.6719406843185425],[258.79339599609375],"[0.0, 0.0]"
-1,None,[0.7070020437240601],[257.9480895996094],"[0.0, 0.0]"
-1,None,[0.6797753572463989],[258.69970703125],"[0.0, 0.0]"
-1,None,[0.6645621061325073],[257.74456787109375],[0.0]
-1,None,[0.6406348943710327],[260.9894104003906],"[0.0, 0.0]"
-1,None,[0.6607018113136292],[260.8221435546875],[0.0]
-1,None,[0.6558048129081726],[261.6973571777344],"[0.0, 0.0]"
-1,None,[0.6744943857192993],[257.7388916015625],"[0.0, 0.0]"
-1,None,[0.6692524552345276],[256.83624267578125],[0.0]
-1,None,[0.6825311183929443],[256.5995178222656],"[0.0, 0.0]"
-1,None,[0.6613200306892395],[260.2789306640625],[0.0]
-1,None,[0.6841253042221069],[256.4371032714844],"[0.0, 0.0]"
-1,None,[0.6652201414108276],[260.0543212890625],[0.0]
-1,None,[0.6432868242263794],[261.5035705566406],[0.0]
-1,None,[0.6605689525604248],[258.7611083984375],[0.0]
-1,None,[0.6842977404594421],[263.0260009765625],[0.0]
-1,None,[0.6720499992370605],[258.7293701171875],[0.0]
-1,None,[0.6757624745368958],[261.0128173828125],"[0.0, 0.0]"
-1,None,[0.6637207865715027],[251.3862762451172],"[0.0, 0.0]"
-1,None,[0.6699259281158447],[256.86773681640625],"[0.0, 0.0]"
-1,None,[0.6466296911239624],[258.9263000488281],"[0.0, 0.0]"
-1,None,[0.6741058230400085],[259.35009765625],"[0.0, 0.0]"
-1,None,[0.67582768201828],[259.57318115234375],[0.0]
-1,None,[0.679262638092041],[257.8328552246094],"[0.0, 0.0]"
-1,None,[0.656265914440155],[257.8338623046875],"[0.0, 0.0]"
-1,None,[0.6908329129219055],[261.03741455078125],[0.0]
-1,None,[0.6675602793693542],[257.9667663574219],"[0.0, 0.0]"
-1,None,[0.6484111547470093],[261.54522705078125],"[0.0, 0.0]"
-1,None,[0.6560123562812805],[258.8363342285156],[0.0]
-1,None,[0.664734959602356],[256.1295166015625],[0.0]
-1,None,[0.6738284230232239],[257.615234375],[0.0]
-1,None,[0.6740711331367493],[257.6888427734375],[0.0]
-1,None,[0.6648923754692078],[255.44888305664062],"[0.0, 0.0]"
-1,None,[0.6737544536590576],[258.9462890625],"[0.0, 0.0, 0.0]"
-1,None,[0.6657006740570068],[257.5236511230469],"[0.0, 0.0, 0.0]"
-1,None,[0.6561204791069031],[258.8072814941406],"[0.0, 0.0, 0.0]"
-1,None,[0.6501175165176392],[256.56494140625],"[0.0, 0.0]"
-1,None,"[0.6331098079681396, 1.283509373664856]","[265.39581298828125, -1.0]","[0.0, 0.0]"
-1,None,"[0.6334223747253418, 1.268115520477295]","[257.0663146972656, -1.0]","[0.0, 0.0]"
-1,None,"[0.6256654858589172, 0.9605391621589661]","[258.5704040527344, -1.0]","[0.0, 0.0]"
-1,None,"[1.0763581991195679, 0.6500049233436584]","[-1.0, 266.9652099609375]","[0.0, 0.0]"
-1,None,[0.600674033164978],[265.77886962890625],[0.0]
-1,None,[0.7102916240692139],[239.92990112304688],"[0.0, 0.0, 0.0]"
-1,None,"[1.4033395051956177, 0.6836462616920471, 1.3969091176986694]","[-1.0, -1.0, -1.0]",[]
-1,None,[0.6275553107261658],[-1.0],"[0.0, 0.0]"
-1,None,[0.6086026430130005],[-1.0],[0.0]
-1,None,[0.6125727295875549],[-1.0],"[0.0, 0.0]"
3,HoC + Pose to start IoU,"[0.5168754458427429, 0.4206375479698181]","[-1.0, -1.0]","[0.0, 0.0]"
1,HoC + Pose to start IoU,"[0.3613492548465729, 0.4478500187397003]","[-1.0, -1.0]","[0.0, 0.0]"
1,IoU,[0.3242541551589966],[-1.0],[1.0]
1,IoU,[0.3101773262023926],[-1.0],[0.9641560912132263]
1,IoU,[0.2972024083137512],[-1.0],[0.9160001277923584]
1,IoU,[0.320679634809494],[-1.0],[0.9112675786018372]
1,IoU,[0.2891514301300049],[-1.0],[0.9407681822776794]
1,IoU,[0.31143853068351746],[-1.0],[0.9376983046531677]
1,IoU,[0.3124404549598694],[-1.0],[0.9365267157554626]
1,IoU,[0.31318578124046326],[-1.0],[0.9274973273277283]
1,IoU,[0.25092411041259766],[-1.0],"[0.9348318576812744, 0.08747246861457825]"
1,IoU,"[0.23897449672222137, 0.7316641807556152]","[-1.0, -1.0]","[0.9724651575088501, 0.07012712210416794]"
1,IoU,[0.24384084343910217],[-1.0],"[0.9396159648895264, 0.08472587168216705]"
1,IoU,"[0.27247652411460876, 0.7492367029190063]","[-1.0, -1.0]","[0.9327929019927979, 0.07760144025087357]"
1,IoU,"[0.2786664366722107, 0.718087375164032]","[-1.0, -1.0]","[0.9524173736572266, 0.07063966989517212]"
1,IoU,"[0.3241179585456848, 0.7619965076446533]","[-1.0, -1.0]","[0.9403485655784607, 0.06538207083940506, 0.0]"
1,IoU,"[0.31742990016937256, 0.7682813405990601]","[-1.0, -1.0]","[0.8983582258224487, 0.06497601419687271]"
1,IoU,"[0.271446168422699, 0.7720374464988708]","[-1.0, 247.5847625732422]","[0.8887177109718323, 0.0368565209209919]"
1,IoU,"[0.25639212131500244, 0.7514375448226929]","[-1.0, 250.62033081054688]","[0.856823742389679, 0.0136512266471982]"
1,IoU,"[0.25827091932296753, 0.7460381388664246]","[-1.0, 269.70843505859375]","[0.8526283502578735, 0.0, 0.0]"
1,IoU,"[0.2605113387107849, 0.7430208325386047]","[-1.0, 258.0488586425781]","[0.9306017756462097, 0.0]"
1,IoU,"[0.20870059728622437, 0.7678353190422058]","[-1.0, 250.46273803710938]","[0.9058296084403992, 0.0]"
1,HoC + Pose to start IoU,"[0.1987268328666687, 0.7338703870773315]","[-1.0, 255.45703125]","[0.7605692744255066, 0.0, 0.0]"
1,IoU,"[0.2106308937072754, 0.759784460067749]","[-1.0, 259.1193542480469]","[1.0, 0.0, 0.0]"
1,IoU,"[0.19244736433029175, 0.7494284510612488]","[-1.0, 259.5055236816406]","[0.8024303317070007, 0.0]"
1,HoC + Pose to start IoU,"[0.18439923226833344, 0.7350102663040161]","[-1.0, 255.57861328125]","[0.7692749500274658, 0.0, 0.0]"
1,IoU,"[0.2171638458967209, 0.7601519227027893]","[-1.0, 259.6460266113281]","[1.0, 0.001144423964433372]"
1,IoU,"[0.21125878393650055, 0.7794225215911865]","[-1.0, 265.7662658691406]","[0.9370161294937134, 0.05823234096169472]"
1,IoU,"[0.2254917323589325, 0.7639787793159485]","[-1.0, 253.2069854736328]","[0.9364129304885864, 0.029596658423542976]"
1,IoU,"[0.22536984086036682, 0.7465437650680542]","[-1.0, 252.259765625]","[0.9633700847625732, 0.03843238577246666, 0.0]"
1,IoU,"[0.22020286321640015, 0.7469727396965027]","[-1.0, 254.41036987304688]","[0.9434388875961304, 0.04097985103726387, 0.0]"
1,IoU,"[0.2607412338256836, 0.7332820892333984]","[-1.0, 263.9801025390625]","[0.8665111064910889, 0.04399080574512482]"
1,IoU,"[0.20157761871814728, 0.7154513001441956]","[-1.0, 262.0755310058594]","[0.8384886384010315, 0.013637525029480457, 0.0]"
1,IoU,"[0.15446250140666962, 0.7142704129219055]","[-1.0, 269.7247619628906]","[0.8630226254463196, 0.0]"
1,IoU,"[0.15594559907913208, 0.702315628528595]","[-1.0, 254.6381378173828]","[0.9366260766983032, 0.0, 0.0]"
1,IoU,"[0.18558350205421448, 0.6835166215896606]","[-1.0, 258.2876281738281]","[0.9574661254882812, 0.0]"
1,IoU,"[0.10966063290834427, 0.6709731817245483]","[-1.0, 252.0978240966797]","[0.9285714030265808, 0.0, 0.0]"
1,IoU,"[0.08082329481840134, 0.6672317385673523]","[-1.0, 260.0204162597656]","[0.9285714030265808, 0.0016158148646354675, 0.0]"
1,IoU,"[0.06912300735712051, 0.6637765169143677]","[0.10214802622795105, 251.5684356689453]","[0.9047971367835999, 0.006525709293782711, 0.0]"
1,IoU,"[0.07182656973600388, 0.6918599009513855]","[0.08595764636993408, 253.02731323242188]","[0.93336021900177, 0.0032928097061812878, 0.0]"
1,IoU,"[0.08341198414564133, 0.6946733593940735]","[0.0776018500328064, 261.93780517578125]","[0.9346144199371338, 0.008181124925613403]"
1,IoU,"[0.08598088473081589, 0.6836407780647278]","[0.06163790822029114, 252.26329040527344]","[0.9333932399749756, 0.006656789220869541, 0.0]"
1,IoU,"[0.08238131552934647, 0.6814845204353333]","[0.0514349639415741, 251.1085205078125]","[0.9107189774513245, 0.001735026715323329, 0.0]"
1,IoU,"[0.06565066426992416, 0.6871817111968994]","[0.05958956480026245, 267.95513916015625]","[0.8825485706329346, 0.0, 0.0]"
1,IoU,"[0.05754995346069336, 0.6968939304351807]","[0.041280537843704224, 264.7596740722656]","[0.8632234930992126, 0.0, 0.0]"
1,IoU,"[0.061368428170681, 0.7162476778030396]","[0.040354907512664795, 262.06756591796875]","[0.857643723487854, 0.0, 0.0]"
1,IoU,"[0.06150227412581444, 0.7238594889640808]","[0.037094295024871826, 258.62860107421875]","[0.8568350672721863, 0.0, 0.0]"
1,HoC + Pose to start IoU,"[0.06093806400895119, 0.7321246266365051]","[0.034321218729019165, 261.7745361328125]","[0.771981954574585, 0.0]"
1,IoU,"[0.05340339243412018, 0.7121961712837219]","[0.021400034427642822, 257.8836669921875]","[1.0, 0.0]"
1,IoU,"[0.05088522285223007, 0.7046241164207458]","[0.017174020409584045, 259.360107421875]","[0.9645404815673828, 0.0, 0.0]"
1,IoU,"[0.049436815083026886, 0.689786434173584]","[0.012309625744819641, 261.0457763671875]","[0.9706307053565979, 0.0, 0.0]"
1,IoU,"[0.04818064346909523, 0.6961624622344971]","[0.012965783476829529, 259.9322204589844]","[0.9401020407676697, 0.0, 0.0]"
1,IoU,"[0.050022464245557785, 0.6888002753257751]","[0.01313064992427826, 258.8617858886719]","[0.9509764909744263, 0.0, 0.0]"
1,IoU,"[0.04465566948056221, 0.7067522406578064]","[0.010612592101097107, 265.0602722167969]","[0.9672123789787292, 0.0, 0.0, 0.0]"
1,IoU,"[0.04413134604692459, 0.7203854322433472]","[0.007499784231185913, 262.046875]","[0.9895402193069458, 0.0, 0.0]"
1,IoU,"[0.04857582971453667, 0.7126061916351318, 1.391008734703064]","[0.006095424294471741, 259.7731628417969, -1.0]","[0.9750946760177612, 0.0, 0.0, 0.0]"
1,IoU,"[0.04055759310722351, 0.7265998125076294, 1.3683274984359741]","[0.004167571663856506, 263.34649658203125, -1.0]","[0.9685211181640625, 0.0, 0.0, 0.0]"
1,IoU,"[0.0496065691113472, 0.7056049704551697, 1.4092470407485962]","[0.00010173022747039795, 265.4454650878906, -1.0]","[0.9398336410522461, 0.0, 0.0, 0.0]"
1,IoU,"[0.05379389598965645, 0.7020177245140076, 1.4194484949111938]","[0.0008592605590820312, 259.9018249511719, -1.0]","[0.9399104118347168, 0.0, 0.0, 0.0]"
1,IoU,"[0.053486213088035583, 0.6965970993041992, 1.4607237577438354]","[0.0003292560577392578, 260.11328125, -1.0]","[0.9335721135139465, 0.0, 0.0, 0.0]"
1,IoU,"[0.05080246925354004, 0.6640795469284058, 1.4322397708892822]","[1.0058283805847168e-05, 273.4700622558594, -1.0]","[0.9549711346626282, 0.0, 0.0, 0.0]"
1,IoU,"[0.0532696470618248, 0.7006821036338806, 1.4525957107543945]","[0.001677095890045166, 263.73126220703125, -1.0]","[0.9715853333473206, 0.0, 0.0, 0.0]"
1,IoU,"[0.061870574951171875, 0.7067012190818787, 1.4363715648651123]","[563.9738159179688, 263.88714599609375, -1.0]","[0.9344542622566223, 0.0, 0.0, 0.0]"
1,IoU,"[0.06908193975687027, 0.6853111982345581, 1.4024207592010498]","[563.5591430664062, 263.7140197753906, -1.0]","[0.9209756851196289, 0.0, 0.0, 0.0]"
1,IoU,"[0.07918643951416016, 0.6692917346954346, 1.389326810836792]","[0.010376855731010437, 262.3627624511719, -1.0]","[0.9325348138809204, 0.0, 0.0, 0.0]"
1,IoU,"[0.08747276663780212, 0.679901123046875, 1.401556372642517]","[0.012596502900123596, 260.68841552734375, -1.0]","[0.9238854050636292, 0.0, 0.0, 0.0]"
1,IoU,"[0.10394436120986938, 1.356398344039917, 0.6892110109329224]","[0.01633232831954956, 259.35211181640625, -1.0]","[0.8666388988494873, 0.0, 0.0, 0.0]"
1,IoU,"[0.12904205918312073, 0.6932809352874756, 1.3642109632492065]","[0.021964266896247864, -1.0, 258.3909912109375]","[0.8722342848777771, 0.0, 0.0]"
1,IoU,"[0.14060525596141815, 0.6776533126831055, 1.3268723487854004]","[0.029689639806747437, 258.8414611816406, -1.0]","[0.8927835822105408, 0.0, 0.0, 0.0]"
1,IoU,"[0.19017267227172852, 0.7078691124916077, 1.262342095375061]","[0.038393646478652954, 258.36126708984375, -1.0]","[0.8565078973770142, 0.0, 0.0, 0.0]"
1,IoU,"[0.19762545824050903, 1.287928581237793, 0.7069948315620422, 1.351272702217102]","[0.05989620089530945, 251.6431427001953, -1.0, -1.0]","[0.8447657823562622, 0.0, 0.0, 0.0]"
1,IoU,"[0.18972483277320862, 0.6847371459007263, 1.270952820777893, 1.3870024681091309]","[0.0941598117351532, -1.0, 256.322265625, -1.0]","[0.8861646056175232, 0.0, 0.0, 0.0]"
1,IoU,"[0.16180506348609924, 0.6491448879241943, 1.2966762781143188]","[0.11046519875526428, 256.4793395996094, -1.0]","[0.924060046672821, 0.0, 0.0, 0.0]"
1,IoU,"[0.15255890786647797, 0.6849823594093323, 1.4093157052993774]","[0.12478426098823547, 262.59283447265625, -1.0]","[0.9428746700286865, 0.0, 0.0, 0.0]"
1,IoU,"[0.14924447238445282, 0.67481529712677, 1.348000168800354, 1.3516138792037964]","[0.15405157208442688, 273.06512451171875, -1.0, -1.0]","[0.9706571698188782, 0.0046357205137610435, 0.0, 0.0]"
1,IoU,"[0.18295349180698395, 0.705557644367218, 1.404374599456787]","[-1.0, 262.74432373046875, -1.0]","[0.9850907921791077, 0.013834544457495213, 0.0, 0.0]"
1,IoU,"[0.23249877989292145, 0.6870192289352417, 1.3494576215744019]","[-1.0, 268.94390869140625, -1.0]","[0.9722127318382263, 0.021508531644940376, 0.0, 0.0]"
1,IoU,"[0.3007808327674866, 0.6934027671813965, 1.4143704175949097]","[-1.0, 277.03424072265625, -1.0]","[0.9674280881881714, 0.027322841808199883, 0.0, 0.0]"
1,IoU,"[0.3078441321849823, 0.708084225654602, 1.367809772491455]","[-1.0, 253.988037109375, -1.0]","[0.9694052338600159, 0.01659417152404785, 0.0, 0.0]"
1,IoU,"[0.30608823895454407, 1.3907727003097534, 0.6805757880210876]","[-1.0, 273.7947998046875, -1.0]","[0.9355092644691467, 0.0, 0.021000659093260765, 0.0, 0.0]"
1,IoU,"[0.26407235860824585, 0.6795939803123474, 1.4261276721954346]","[-1.0, -1.0, 270.65179443359375]","[0.8965179324150085, 0.03310025855898857, 0.0, 0.0]"
1,IoU,"[0.22980688512325287, 0.6830957531929016, 1.374906063079834]","[-1.0, 255.21133422851562, -1.0]","[0.8764685988426208, 0.039027173072099686, 0.0, 0.0]"
1,IoU,"[0.20177777111530304, 0.6703858375549316, 1.2627058029174805]","[-1.0, 257.70135498046875, -1.0]","[0.8310555219650269, 0.038037169724702835, 0.0, 0.0]"
1,IoU,"[0.19588181376457214, 0.6979483366012573, 1.2089016437530518]","[-1.0, 252.29689025878906, -1.0]","[0.8774771094322205, 0.05127352848649025, 0.0, 0.0]"
1,IoU,"[0.23370373249053955, 0.6591601371765137, 1.146031141281128]","[-1.0, 258.3976135253906, -1.0]","[0.8693668842315674, 0.06395050883293152, 0.0, 0.0]"
1,IoU,"[0.32142767310142517, 0.6541327238082886]","[-1.0, 254.9392852783203]","[0.8315789699554443, 0.02787487953901291, 0.0]"
2,IoU,"[0.4005708694458008, 0.7242230772972107]","[-1.0, 250.21693420410156]","[0.823357105255127, 0.0485122911632061]"
1,HoC + Pose to start IoU,"[0.3975553512573242, 0.7152301669120789]","[-1.0, 259.81097412109375]","[0.728588879108429, 0.04183488339185715]"
1,IoU,[0.4088326096534729],[-1.0],"[1.0, 0.14605669677257538]"
1,IoU,"[0.38354235887527466, 1.3611313104629517]","[-1.0, -1.0]","[0.9918090105056763, 0.0]"
1,IoU,[0.3853435516357422],[-1.0],"[0.9884442090988159, 0.0]"
1,IoU,"[0.36393794417381287, 1.2101274728775024]","[-1.0, -1.0]","[0.9614173769950867, 0.0]"
1,IoU,[0.4101767838001251],[-1.0],"[0.9754385948181152, 0.16593830287456512, 0.0]"
1,IoU,[0.44900092482566833],[-1.0],"[0.9556046724319458, 0.0, 0.04217600077390671]"
1,IoU,"[0.46100300550460815, 1.320633888244629, 1.3093301057815552]","[-1.0, -1.0, -1.0]","[0.9358108043670654, 0.0, 0.0]"
1,IoU,"[0.43621861934661865, 1.2498059272766113, 1.1881797313690186]","[-1.0, -1.0, -1.0]","[0.9313905835151672, 0.0, 0.0]"
1,IoU,"[0.41509678959846497, 1.2292197942733765, 1.2057090997695923]","[-1.0, -1.0, -1.0]","[0.9530183672904968, 0.0, 0.0]"
1,IoU,"[0.4081360101699829, 1.2838128805160522]","[-1.0, -1.0]","[0.9458296298980713, 0.0]"
1,IoU,"[0.3806055784225464, 1.2537765502929688]","[-1.0, -1.0]","[0.917060375213623, 0.0]"
1,IoU,"[0.3591373562812805, 1.0644086599349976]","[-1.0, -1.0]","[0.9285714030265808, 0.0]"
1,IoU,"[0.3116196393966675, 1.012067198753357, 1.3565360307693481]","[-1.0, -1.0, -1.0]","[0.8892349004745483, 0.0, 0.0]"
1,IoU,"[0.2774619460105896, 0.9055383801460266, 1.5949407815933228]","[-1.0, -1.0, -1.0]","[0.8141404986381531, 0.0, 0.0]"
1,IoU,"[0.2587360739707947, 0.8096477389335632]","[-1.0, -1.0]","[0.8012135624885559, 0.0]"
1,IoU,"[0.2153775691986084, 1.671785831451416]","[-1.0, -1.0]","[0.8264206647872925, 0.001922626281157136, 0.014200484380126]"
1,HoC + Pose to start IoU,"[0.24510590732097626, 1.832512617111206]","[-1.0, -1.0]","[0.7929816842079163, 0.01403200626373291]"
1,IoU,"[0.25047504901885986, 1.6622234582901]","[-1.0, -1.0]","[1.0, 0.042900580912828445]"
1,IoU,"[0.28155186772346497, 1.4441108703613281]","[-1.0, -1.0]","[0.9810683727264404, 0.04627300426363945]"
2,IoU,[0.2046024203300476],[-1.0],[0.969022274017334]
1,HoC + Pose to start IoU,[0.16389790177345276],[-1.0],[0.7880043387413025]
1,IoU,[0.21021707355976105],[-1.0],[1.0]
1,IoU,[0.2583691477775574],[-1.0],[0.9152923226356506]
1,IoU,[0.359424352645874],[-1.0],[0.8849313855171204]
1,IoU,[0.42386895418167114],[-1.0],[0.8391841053962708]
1,IoU,[0.49689558148384094],[-1.0],[0.802550196647644]
1,IoU,"[0.6545488834381104, 0.6052908897399902]","[-1.0, 364.9515075683594]","[0.8255065083503723, 0.14268521964550018]"
1,IoU,"[0.6570054292678833, 0.5513209700584412]","[-1.0, 393.2950134277344]","[0.9546096920967102, 0.06455787271261215]"
2,IoU,"[0.6467300653457642, 0.5940001010894775]","[-1.0, 404.0073547363281]","[0.026598885655403137, 0.8971169590950012]"
4,IoU,"[0.5978398323059082, 0.7085816860198975]","[414.70745849609375, -1.0]","[0.0, 0.929225504398346, 0.022819552570581436]"
4,IoU,"[0.6155571341514587, 0.8421346545219421]","[437.9453430175781, -1.0]","[0.0, 0.8152359127998352, 0.00392675818875432]"
4,IoU,"[0.6285457611083984, 0.9012549519538879, 0.7919741272926331]","[456.9962463378906, -1.0, -1.0]","[0.0, 0.8842917084693909, 0.0]"
-1,None,"[0.6323848962783813, 0.9434778094291687, 0.8111783862113953]","[461.4952392578125, -1.0, -1.0]","[0.0, 0.7740222811698914, 0.0, 0.0]"
-1,None,"[0.6562214493751526, 1.0287829637527466]","[471.1797790527344, -1.0]","[0.0, 0.0, 0.0]"
-1,None,[0.6280501484870911],[470.8246765136719],[0.0]
-1,None,[0.5793808698654175],[472.57769775390625],[0.0]
-1,None,[0.5791763067245483],[460.0932312011719],[0.0]
-1,None,[0.626847505569458],[455.1651611328125],[0.0]
-1,None,[0.6192347407341003],[453.5849609375],[0.0]
-1,None,[0.609599232673645],[451.5265808105469],[0.0]
-1,None,[0.5995195508003235],[456.5813903808594],[0.0]
-1,None,[0.6101572513580322],[465.5004577636719],[0.0]
-1,None,[0.6084203124046326],[469.4449768066406],[0.0]
-1,None,[0.6219834685325623],[475.65899658203125],[0.0]
-1,None,[0.6230491399765015],[475.5047607421875],[0.0]
-1,None,[0.6211796998977661],[471.76092529296875],[0.0]
-1,None,[0.6208966374397278],[494.088134765625],[0.0]
-1,None,[0.6018964052200317],[490.51470947265625],[0.0]
-1,None,[0.5870864987373352],[0.009539991617202759],[0.0]
-1,None,[0.5809069275856018],[546.2373046875],[0.0]
-1,None,[0.5859332084655762],[0.011172711849212646],[0.0]
-1,None,[0.5437322854995728],[0.021242603659629822],[0.0]
-1,None,[0.5530447363853455],[0.03639400005340576],[0.0]
-1,None,[0.5753386616706848],[0.04300403594970703],"[0.0, 0.0]"
-1,None,"[0.6111188530921936, 1.2543586492538452]","[624.2047729492188, 624.2047729492188]",[0.0]
-1,None,[0.585519015789032],[0.0720396339893341],[0.0]
-1,None,[0.6041004061698914],[649.3497314453125],[0.0]
-1,None,[0.5615126490592957],[0.10090973973274231],[0.0]
-1,None,[0.559696614742279],[-1.0],[0.0]
-1,None,[0.575551450252533],[-1.0],[0.0]
-1,None,[0.5996094942092896],[-1.0],[0.0]
-1,None,[0.6068997979164124],[-1.0],[0.0]
-1,None,[0.6069501042366028],[-1.0],[0.0]
-1,None,[0.6185214519500732],[-1.0],[0.0]
-1,None,[0.6668803691864014],[-1.0],[0.0]
-1,None,[0.6885722279548645],[-1.0],"[0.0, 0.0, 0.0, 0.0]"
-1,None,"[0.7050726413726807, 0.9328082203865051, 0.9432405829429626, 0.5861029624938965]","[-1.0, -1.0, -1.0, -1.0]",[0.0]
-1,None,[0.70588618516922],[-1.0],[0.0]
-1,None,[0.7028458118438721],[-1.0],[0.0]
-1,None,[0.6326677799224854],[-1.0],[0.0]
-1,None,[0.593998372554779],[-1.0],[0.0]
-1,None,[0.5313822031021118],[-1.0],[0.0]
-1,None,[0.4663732349872589],[-1.0],[0.0]
-1,None,[0.4502390921115875],[-1.0],[0.0]
1,HoC + Pose to start IoU,[0.4396498203277588],[-1.0],[0.0]
1,IoU,[0.4464089572429657],[-1.0],[1.0]
1,IoU,[0.45775914192199707],[-1.0],[0.975043535232544]
1,IoU,[0.48600873351097107],[-1.0],[0.9708154201507568]
1,IoU,[0.5940987467765808],[-1.0],[0.9609112739562988]
1,IoU,[0.644576370716095],[-1.0],[0.9254567623138428]
1,IoU,[0.6911302804946899],[-1.0],[0.9260326027870178]
1,IoU,[0.7738351225852966],[-1.0],[0.8837061524391174]
1,IoU,[0.8678873181343079],[-1.0],[0.9598684906959534]
1,IoU,[0.8910495042800903],[-1.0],[0.9466332793235779]
1,IoU,[0.9285011291503906],[-1.0],[0.9284768104553223]
1,IoU,[0.8858665227890015],[-1.0],[0.829689085483551]
1,IoU,[0.8574243187904358],[-1.0],[0.8388530015945435]
1,IoU,[0.7583820819854736],[-1.0],[0.8645450472831726]
1,IoU,[0.7193171381950378],[-1.0],[0.8864808678627014]
1,IoU,[0.6846450567245483],[-1.0],[0.9361922144889832]
1,IoU,[0.6552658677101135],[-1.0],[0.9109078645706177]
3,IoU,[0.6729851961135864],[-1.0],[0.8765672445297241]
1,IoU,[0.8052869439125061],[-1.0],[0.9090921878814697]
1,IoU,[0.8935306072235107],[-1.0],[0.8928396105766296]
3,IoU,[1.0607374906539917],[-1.0],[0.8459576964378357]
1,IoU,[1.1706390380859375],[-1.0],[0.8516974449157715]
1,IoU,[1.1909170150756836],[-1.0],[0.9054639339447021]
11,IoU,[1.1477619409561157],[-1.0],[0.9586852788925171]
-1,None,[0.9932258725166321],[217.64434814453125],"[0.7216153740882874, 0.0]"
-1,None,[0.9842123985290527],[-1.0],[0.0]
-1,None,[1.0360445976257324],[-1.0],[0.0]
-1,None,[1.031863808631897],[-1.0],[0.0]
-1,None,[0.9951214790344238],[-1.0],[0.0]
-1,None,[1.0159707069396973],[-1.0],[0.0]
-1,None,[1.079755187034607],[-1.0],[0.0]
-1,None,[1.1760518550872803],[-1.0],[0.0]
-1,None,[1.220877766609192],[-1.0],[0.0]
-1,None,[1.353450894355774],[-1.0],[0.0]
-1,None,[1.3964380025863647],[-1.0],[0.0]
-1,None,[1.7056989669799805],[-1.0],[0.0]
-1,None,[1.377164602279663],[-1.0],[0.0]
-1,None,[1.3431607484817505],[-1.0],[0.0]
-1,None,[1.4582710266113281],[-1.0],[0.0]
-1,None,[1.573327898979187],[-1.0],[0.0]
-1,None,[1.5523769855499268],[-1.0],[0.0]
-1,None,[1.3755948543548584],[-1.0],[0.0]
-1,None,[1.3481111526489258],[-1.0],[0.0]
-1,None,[1.3465195894241333],[-1.0],[0.0]
-1,None,[1.369651436805725],[-1.0],[0.0]
-1,None,[1.4078634977340698],[-1.0],[0.0]
-1,None,[1.433267593383789],[-1.0],[0.0]
-1,None,[1.4369728565216064],[-1.0],[0.0]
-1,None,[1.435855507850647],[-1.0],[0.0]
-1,None,[1.389962077140808],[-1.0],[0.0]
